6.339753167558630230e+05
2.183754965333639644e+06
2.471539902608146891e+07
-3.776493863566411659e+06
2.892068574285056442e+07
1.591378571500265785e+07
-1.097359499331700243e+07
-4.724968500370487571e+06
-8.858040397743497044e+06
-3.284099651585212909e+06
2.908169135515499115e+07
5.715813590547823114e+05
1.252271012403742597e+07
-1.973348634802952874e+06
-2.308803043751419988e+06
8.212507330907138065e+06
2.754174098901292775e+06
-5.060135148380551254e+05
5.806949763006222434e+06
8.422581929597046692e+05
-3.069421196045067161e+07
-9.111522916719824076e+06
4.222795614961175597e+05
9.302878766951529309e+06
7.389216630294799805e+06
-4.638261651059348136e+06
-1.743118983380388454e+04
-2.290609066581636202e+06
-1.009287240428296104e+07
6.570099896231326461e+07
1.133506210064805578e+06
-2.066264075753379380e+06
-1.288548801595280180e+06
6.640517760247732513e+06
4.801236929016984504e+04
-8.875366365248536691e+06
-9.611246107524216641e+05
1.151021412744475383e+05
-1.411732820508811250e+07
3.524275653081218479e+04
9.893515650876015425e+06
6.097940369782416150e+06
-2.768442426025978755e+06
-5.164164111639134586e+06
-3.855550102373780101e+05
1.124802849583002680e+05
3.709541557187095284e+07
8.072130399150542915e+06
2.503299673543082085e+06
1.331371127453016816e+06
2.205222594408504665e+06
-1.426527879489135696e+06
2.871396669448093046e+06
6.446725612876543310e+05
7.392618113294428214e+06
1.758020311695841327e+07
-3.402930409128540009e+07
-8.960202675198674202e+06
-1.258226934956811555e+07
2.469733678942236584e+06
-1.197262865924058855e+07
-8.838741631815237924e+06
2.032672883464271575e+07
1.911961884747106582e+07
6.156635642651779577e+06
-3.645504292881763540e+06
7.217816057827448472e+06
2.595450096609595045e+07
1.948387131278559938e+07
1.377109348606998334e+06
-2.891853021512862295e+06
1.771241861350947618e+07
6.084381532543558627e+06
-5.848533284660279751e+06
1.171498082619695365e+07
-2.813625008292840049e+07
-1.014118726380816102e+07
-2.638426208371626213e+07
2.066107671887886524e+07
-4.000244926685608178e+07
-6.845089174521665554e+05
1.515934315767313237e+05
-1.145938327772316895e+07
-3.336438064899168536e+07
-8.790195953579494730e+06
2.861446746843441390e+06
4.908922334638425964e+05
-6.771597184007316828e+06
4.546698623909029266e+04
-3.621533204566228203e+06
4.140732574839479057e+05
-1.092290604082472809e+07
-4.270473427978052758e+06
9.509592772564783692e+06
5.275635554563604528e+05
-2.095897710350746289e+07
1.030686162162192911e+07
-6.864874955945720430e+05
5.411606228980760090e+06
-3.302984580264514685e+07
6.134497219775670208e+06
1.306082344693666138e+07
-2.549661273515718058e+07
3.027052415174391866e+07
5.008702699065998197e+06
-2.195786729940440506e+07
-4.529094817800357006e+06
6.422159522327207774e+07
1.530887836954776943e+07
2.542524042340680026e+06
1.596457481787375873e+06
8.444233270945541561e+06
-1.346685331683343742e+06
1.075999442036051303e+07
-7.258093655501774047e+05
1.999129527496029064e+07
6.998385978865949437e+05
-1.927375735038734227e+07
-1.109384335243360139e+07
4.013189249759455025e+07
4.082645517608256638e+07
-5.869783070506918244e+06
-3.056400740758535452e+06
-3.214459720773402974e+07
5.822755179064505734e+06
-2.173596431440487970e+06
1.544886078465746948e+06
-1.138356722410516627e+07
1.037381391316256486e+07
-2.693949555606482178e+07
1.062503023292869795e+06
-9.674077855569332838e+06
-5.161432578214035369e+06
-6.310203001412592130e+05
-4.124340755343491328e+05
-1.936255192475299584e+06
7.369550900137996359e+04
-8.712354535291997716e+06
-6.251395788267549360e+05
-9.038765662920512259e+05
-8.832429350632702932e+06
-1.576609282574063167e+06
-1.492087735279595654e+05
-1.263878932196300477e+07
-6.785272964465562254e+06
-6.257342870307394303e+06
-4.428344247913777083e+07
2.811794562245025765e+06
1.315906093725761399e+06
2.112435206793694943e+07
-5.502995401309003122e+06
-5.827405007614937611e+06
-3.333397094996571075e+06
-2.940990249145249650e+07
-6.340662899014306022e+05
6.621716080420919694e+06
-5.491735863124135137e+07
2.131891192215331271e+07
9.562399182758426294e+06
-1.527772106069479324e+07
3.972025796691070427e+05
