7.955448318578517330e+01
3.987942775104798443e+01
9.743387526782425923e+00
5.871059979405298890e+01
4.896235809633674307e+01
-1.634904561575423898e+01
4.109953339835790587e+01
-2.485064885636982268e+01
-2.374941855564834015e+01
3.042411241435928559e+01
-2.240555887238057409e+01
-1.464467939848479894e+01
-1.650735592631781756e+01
-2.376379970191338131e+01
-2.139298384545812937e+01
-1.440932329463134742e+01
-1.621254687402497296e+01
6.199665084400154313e+01
1.360909287941675139e+01
3.263320735801330130e+01
2.186722131926409673e+01
-2.938240041485862619e+01
-5.815674530086043070e+00
-2.125705744783542173e+01
-4.011203885173075889e+01
-6.139731898379307218e+00
-1.647879868640710654e+01
5.906311536553183572e+01
8.528516848129035566e+01
-4.151917253559804344e+00
-4.546773554114052018e+01
-4.155551837548466132e+00
-4.048604468727415338e+02
-2.469069590652475554e+01
-2.369885327665314279e+01
6.217779829303355399e+01
-8.511161429904822384e+00
4.161443451519205183e+01
-2.070749545456177643e+01
-5.878386803336624666e+01
6.407024524266878851e-01
-5.379669017664149289e-01
-1.795378103215125876e+01
2.511385067175571351e+01
4.091893874873139936e+01
-3.634074914141619672e+01
2.338795373624402529e+01
-2.091908067474052402e+01
1.101087506159338147e+01
-1.265690247398699952e+00
6.826897484712173281e+00
-2.417357571960739904e+01
-1.171567812468942149e+00
-1.728967160426429217e+01
-2.791531746153003013e+01
1.560184717888425787e+01
-9.124399861294198999e+00
-1.092960216019801223e+01
7.167362006951491082e+01
4.020810461289812565e+01
-1.609201596534767376e+01
-2.174543248333048950e+01
2.927846383128513530e+00
2.049418665390786209e+00
-1.338532006083900683e+01
-2.128675152539470616e+01
5.969828587531985420e+01
-1.981747487942347874e+01
-2.241829206764258942e+01
-1.800090574855355641e+01
-1.305023828523674645e+01
2.328659753226508045e+01
9.440428685377381157e+01
5.859542433799210670e+01
2.362794605799787817e+01
-1.348588381533278024e+01
-2.111528828241135614e+01
1.944758643880333926e+00
1.572553030241992467e+01
-2.456081408566087987e+01
-1.161941003812001227e+01
6.447985940567319574e+01
-2.373960489102084281e+01
-2.402970835679812289e+00
-1.244321477274397569e+00
-2.701323109345425522e+01
-6.817862802578338766e+00
-9.741125430379907968e+00
7.244800787292209776e+00
-2.992381012246570293e+01
2.152420699679977645e+01
-3.554361865364830919e+01
5.774085557315391526e+01
7.915275549704814750e+01
8.938768927820127885e+01
-1.750250127454320292e+01
5.341128395404390261e+01
-3.234565476208379664e+01
6.124301415918650626e+00
1.077701400198239590e+01
-2.303885560484712158e+01
-3.949109494843069945e-01
-2.293566718385682890e+01
-1.513021925344060215e+01
-2.863151551243390358e+01
-1.779376310126593808e+01
5.583278820219192085e+01
-5.699213699896088947e+00
1.085251227211013436e+01
-1.781924547270769565e+01
3.037451062045595052e+01
1.550370025483493208e+01
-8.579989401077672539e+01
-2.755758847233778752e+01
3.423021666289710652e+01
-2.231105109857163526e+01
-2.833600718963036158e+01
-1.959628051955874284e+01
1.819503619163440788e+01
3.186840252693480835e+01
-1.969942288295929345e+01
5.073836059280914412e+01
-2.096731064312614379e+01
3.080507202707347858e+01
-4.100775705388362269e+01
-1.425510913101144306e+00
-2.629637580697722754e+01
8.227116715431398219e+00
-3.852373164662526328e+00
6.089028518666307832e+01
5.881189657446176966e+01
6.806282964965377857e+01
-1.411761574308916636e+02
-1.619589611419204189e+01
5.934690881611959234e+00
-1.856767178863361778e+01
-2.026652705486943873e+01
8.313542177593047811e+00
2.981908184057685318e+01
-1.851813700787084827e+01
4.910518479333222785e+01
-3.084068577724568883e+01
-2.065240214714990827e+02
5.447647851578971512e+01
8.431720005657471972e+01
-1.882223009841536054e+01
5.712065566940135852e+01
2.051022426620178862e+01
