-3.195339574326057453e+06
-1.143651053047859750e+05
3.573969123368070927e+06
-8.803596541205096990e+06
1.490927556914932327e+06
-1.196903327105707722e+06
-7.493982905189135112e+06
1.087231747349756211e+07
-5.424013819250301458e+06
-5.910019305188341998e+06
-1.850924141333096847e+07
-6.658583341609510826e+05
2.241993119663580135e+07
-1.063006301858334243e+07
6.726210699636145495e+06
3.745665526300813654e+05
1.854681030187856779e+07
3.653931546654424747e+05
-3.353713550193164498e+07
4.307153765527653508e+06
9.398982716239811270e+04
4.336056834985515103e+06
8.227349524939131225e+05
-6.927734094176047482e+06
-2.026804300899203494e+07
1.110714525599461282e+06
1.084987982374956645e+07
-1.671626251600245945e+07
1.826600567648406839e+06
-9.974399219799616840e+05
-1.732734022476704791e+06
-1.228805961216237862e+06
3.516120794911316625e+04
9.493148066828601062e+06
-7.933629446107356343e+05
4.642557736799080856e+06
-1.544302415475590341e+07
1.816916912310223561e+06
4.298049644166370854e+06
3.321390551948190201e+06
1.624058906171767507e+06
-5.085450368908725795e+05
-4.515514608280099928e+06
2.386483962644489075e+05
-3.893109526310222223e+06
-4.083113392878166866e+06
-2.674264858425147459e+07
-9.896282341601805529e+05
5.306908107339149574e+05
5.680596153967730701e+06
-1.710000231211258797e+06
1.689654730115818791e+06
-6.286379200925730169e+06
4.791054675261558732e+05
-9.208201756986992434e+06
-2.826071571294318885e+06
1.738447632407846674e+07
9.115146819745257497e+06
-4.127438696093407925e+06
-8.050440696702603018e+05
-2.972371777372749522e+06
1.475103463825546205e+07
9.300788574832038721e+05
-1.318820590499985777e+07
4.829208577364807017e+06
2.011931371776980523e+05
1.365594807990095578e+05
-1.059596843828769866e+06
-3.772141258703881409e+06
-5.620924641493485309e+06
3.536200927826546133e+06
1.201779603340956569e+07
1.978946845334431855e+06
-8.644843871043943800e+05
3.864138056909418665e+06
2.050992816158310510e+06
9.907572952837910270e+05
5.183888108343614265e+06
9.590845121616406832e+05
-9.279119695385023952e+06
-9.047411164351563901e+06
-7.663787704275554279e+05
1.372304870665026084e+07
-6.719645668719111942e+06
-2.385256055603061244e+07
-2.162437008487537876e+07
-2.359495867623692378e+06
7.817436633740599267e+06
1.088499252252223901e+06
-6.866412533074715175e+06
-1.005176769574972242e+07
-4.661191894699226134e+06
-2.351041302903207019e+06
3.464599759191273153e+07
-1.988612487298113108e+07
1.215529475476952456e+07
-5.614293749940023990e+05
3.420757901244147215e+05
3.053078675617753528e+06
-6.877955572571057081e+07
9.399438603958640248e+06
-4.678378290760398377e+05
2.132945533228944615e+07
5.244076578875795531e+04
1.388611239549244754e+07
1.367331464111336879e+07
2.807464526368940715e+05
-4.506332466736674309e+06
-2.296388470554536674e+06
2.264258804341726471e+06
-1.307750395387995616e+07
1.380185826473505981e+07
2.597154006516376510e+06
-1.909672429269106314e+07
5.236387220598258078e+07
2.606586790520966053e+06
-4.942775132313561626e+05
2.047615955184508348e+06
-1.765929457178402459e+06
-8.645080086555022746e+06
4.930668967941245995e+06
-2.229275957558244001e+06
3.398003579053713940e+06
-5.367528079406516626e+06
8.252082280876618810e+06
-1.196574626601674361e+06
-8.940211221944008023e+06
-9.926001879598959349e+05
-7.573185935107505647e+05
7.830301541007942520e+06
-4.030635652911727317e+06
-1.578122608975064568e+07
8.616538271246962249e+06
-5.511261445224373601e+06
-4.855199319310686551e+06
-1.615012050594667206e+06
3.388313334516083356e+06
-1.149229361630990542e+07
1.414215430233710213e+06
5.765479703608496115e+06
-6.343338825119162910e+06
1.520040426427545398e+07
9.156970052258579060e+06
-3.882796129492777865e+06
1.506695531238224916e+07
-3.092095965959706530e+07
-9.336205398331316188e+06
-4.539999343938034959e+06
-5.898503921014613472e+06
-7.937879488521529362e+06
2.321101024338441901e+06
2.922880103393801674e+07
1.009695182290018303e+06
1.622604872888050741e+06
1.317433794548989506e+06
-1.710222178896279074e+05
9.550828059832630679e+05
2.291365046269109473e+07
1.126010934722466394e+06
1.558121783464520797e+07
1.500079833838125924e+05
-1.173137169255008921e+06
7.563668916965019889e+06
3.566810289926384576e+06
-1.103381755967779160e+08
-7.599074000431537628e+06
-8.765870518790002912e+06
-1.243340138938001171e+07
1.053443038554686820e+06
5.206254729690375825e+04
9.586922665251391008e+06
-9.242611179375704378e+06
9.270841491003097035e+05
-1.779605492094355577e+05
3.027760110618132632e+06
-1.354824361937294714e+06
-3.613378646267550997e+06
1.824608064170247875e+06
5.184474366675963625e+06
-1.229415956034179777e+06
2.236979788900629804e+07
-6.762099917266457342e+06
1.081032099481832050e+07
-9.372144348652455956e+06
-7.170900762114583515e+06
-1.436666557031268626e+07
-7.140824188306640834e+06
-1.027247071926340461e+07
1.751008570159938186e+07
-1.136197247298896778e+06
7.824320976869549602e+06
2.957320507688429207e+06
2.013335958619901910e+06
-1.127160891845243610e+07
1.576642925552646557e+04
-1.101117421917073196e+06
2.203311291433953680e+06
1.596921423173381481e+05
-7.462261918154734187e+06
-2.048753333778410405e+07
-1.285526984456949495e+07
1.517038638808311336e+07
2.982341368323171046e+05
-4.653502196716708131e+06
-1.708324949745841790e+06
-2.540169809522033855e+07
-4.314840314160030335e+06
9.362250284908333793e+06
2.786401812723686174e+07
6.819192843673129566e+06
1.945589533659189194e+07
-6.164636845653060824e+06
-2.615960372740236577e+06
9.697697720546945930e+06
-5.380186172349659726e+06
-3.911455358833217993e+06
-3.732865789375446271e+06
-9.160670805690396577e+06
-6.288308866181399673e+06
-8.910411522733065067e+05
-3.197674860972564667e+06
1.590560627185794339e+07
-2.015145421050091460e+07
2.031853530125234509e+06
-6.737114819822146092e+04
8.692313944753555115e+05
-6.361532438296715263e+05
2.723748508000189759e+04
8.306124986770726973e+05
-6.334594002655057237e+06
1.774335046742685512e+07
1.094655841130250506e+07
-1.226473005029363994e+05
-1.572455137052462436e+06
-2.899780028324042447e+06
4.564351709635243751e+06
-7.615510668575708754e+06
5.315730501769617200e+06
1.427569622553616390e+07
3.511828226222646888e+06
1.936404688532352820e+07
-9.317977804222404957e+05
-5.420255958094874397e+06
3.306282532688501524e+05
5.766406640432359651e+06
-4.890119518201540224e+06
1.940761959498502547e+06
1.895454026910372823e+07
5.619747214613343589e+06
-2.767114127627174556e+07
1.610209284405679069e+07
1.327143927582766116e+07
9.193910513979867101e+06
-4.945755776307907887e+06
1.114786317392410710e+07
-1.001257027255857945e+06
-1.495610087689626263e+06
6.453900596920542885e+05
-3.884771655038167955e+05
-1.878269191679037735e+07
-2.363840479614712670e+07
-2.225374733832026646e+07
-2.711816007650570013e+06
-1.905237496982488781e+07
7.221250210131107830e+06
8.537967647682259977e+07
-2.035297634125632467e+06
2.107674119647272164e+05
-2.963790290296390653e+07
7.914327832633524667e+05
-2.657614199306087568e+06
1.050163673522816971e+06
-1.638376831854911521e+06
1.691079698323796736e+06
4.106381141612339889e+03
-4.022620243837689981e+06
-1.626689983220501617e+07
-3.640307085804982483e+07
1.479822679835272394e+07
-1.234610236163060181e+07
5.575364466177134775e+06
1.680718855061702430e+07
-3.829245748586499598e+06
-7.077566691645738669e+06
3.350736227085183375e+06
-5.768838973880547099e+06
-1.235740642874550633e+07
1.259854952511074254e+06
3.550230648852855712e+07
5.801025635495281778e+06
-3.898134458142837044e+06
1.184324124898736365e+07
-3.237520836444908381e+07
2.476503988958427683e+06
4.156558579996392131e+06
2.866091804671225138e+06
1.331792888040725142e+07
-1.556976738734168001e+06
1.066816390373408608e+07
-5.428807388835874153e+05
-1.470610022097734921e+07
1.698368151587753743e+07
-6.015612539076243527e+06
2.579518035469237715e+06
4.042498589588697534e+06
9.568895294310491532e+06
2.517256000426643062e+06
2.636183851743645966e+06
-1.657903272166638169e+06
8.596632641708202660e+07
1.568554258802733012e+07
1.474728158520310186e+06
4.668171148612915538e+06
5.093959854669127613e+06
-2.774088679540249519e+06
7.595379198276174255e+06
-3.443560518994317390e+06
-1.833778119036183343e+05
2.012255664617053000e+06
6.099639100431311876e+06
-2.651418197107876185e+06
5.920247646019153297e+06
4.857659564126991318e+05
-1.027478270916284807e+07
-1.283655531790188747e+06
5.636633385969026014e+06
2.159367257786196205e+04
-7.330265015755175613e+06
1.184536887214885838e+07
8.518938086809018627e+06
3.156444100859615952e+06
-1.479591479934815085e+06
5.454234100668064784e+05
-2.975285068877295591e+06
3.943907717009493499e+05
-4.813847187912291847e+06
9.284746347372248769e+06
