1.499469676872316897e+08
9.367352784335425822e+05
-1.229063161504808217e+08
-6.963556638595704862e+04
-3.027072822923122440e+06
-1.948641220692689996e+06
1.376295601612382382e+07
1.641122725059520081e+07
-1.239985071219863929e+07
2.940973991986421123e+07
-4.893777946448331699e+06
3.716881009916654229e+07
-8.303711577289579436e+06
8.566738805097723380e+06
2.655342068069474772e+06
1.267910183342880569e+07
5.306555220745640248e+07
2.137694948596511781e+07
-1.326334723275225610e+08
-1.244299935654618219e+07
-4.838366375128901005e+07
-2.640060985942843184e+07
1.406335988479857333e+07
3.533572118483980000e+07
4.756250317022277159e+05
1.102095178899474815e+07
-8.260688542295503430e+06
2.276334309627773613e+07
-2.144303626938954368e+07
-3.237393503229547292e+07
8.738163881380623206e+06
-1.739639157353638858e+07
-1.549257030905631557e+07
1.114367029828639701e+07
2.242658213881799486e+06
1.159519948640994169e+07
-1.505652742119596899e+07
-8.736526135661153123e+06
-3.125107426452581212e+07
1.939876509140279144e+07
-6.278613716106834821e+06
-4.548985916365665384e+06
2.557683472381954640e+07
4.189502357716616243e+06
6.336362260505847633e+07
1.165179391132558929e+06
1.504916484964099154e+07
6.375073609395720065e+06
3.047418813990822528e+06
-2.105381054012578726e+07
-1.009906211652459390e+07
3.689312879675256554e+06
-6.276044112358896993e+06
-1.723020880687227845e+07
-1.495508998500160500e+07
8.803661332832876593e+06
-1.611913688580813119e+06
-2.070410695930616185e+07
8.883202589346090332e+06
9.595381259569248185e+06
-6.504207259844119661e+06
4.836150905634541414e+05
2.770889428249159083e+07
-3.249645979995934665e+07
-1.618189875964447390e+06
-1.838823242802999914e+07
-1.377304807053887099e+07
-2.026253408299313451e+05
-1.617143337944498472e+07
-3.934462218431649264e+06
2.637328897746615112e+06
-2.946956517157308292e+06
-3.036036524417171720e+06
3.365362687522987253e+05
2.560557729116612580e+06
6.573048248885867186e+06
-4.868818897482814640e+07
9.460421782485393342e+05
-1.011431210858054692e+06
5.008188116089806892e+06
6.671282875823714770e+06
2.002795291452542320e+07
2.554459943896840326e+06
1.545452286657183804e+07
2.406569658080602530e+06
-4.077043405641261488e+06
-2.052304277880488336e+07
5.840004185174594633e+06
2.580494644321001694e+07
-2.532754323951811064e+06
7.201676921557739377e+06
6.304117124542853795e+06
8.592569705863241106e+06
2.128295892980921268e+07
3.980587706662531476e+06
1.856881728427835973e+06
-1.108533281801866181e+07
-2.876091589639732614e+07
2.471507664575476665e+06
1.417851871109965816e+07
1.170951810107397381e+06
-1.826467707223640382e+07
-1.699399733529688790e+07
2.727585117748087272e+07
-1.486099543194681592e+07
-1.340826670881346334e+06
2.297289661270828801e+05
6.584597455490760040e+05
6.015638534991544671e+06
7.218565074187158607e+06
1.076715719367744029e+07
2.680574354171873629e+07
8.113321157235424966e+06
-2.105135356653750315e+07
-1.842085920523741283e+06
-1.267597423765597306e+07
7.364428814346183790e+05
2.546843343549873214e+06
1.787637701022609835e+06
-5.108553678180779330e+06
-1.156842999375691824e+07
6.866715941760537215e+06
-5.542618702738196589e+06
-1.502269995408561081e+05
-2.946139060967831872e+06
9.867210693739872426e+06
-2.612118427788421512e+07
1.751006343082191423e+07
-1.352684171854770742e+06
-1.091456307546616346e+07
-2.548937957539102808e+07
3.615495759219009778e+05
4.818129208572200499e+06
-9.905336674427621765e+05
4.076773779999646824e+06
-7.110855789038374089e+06
2.545934016455549002e+07
-1.830600600135776680e+06
3.079824925934287719e+06
5.509342030934601789e+05
2.798056622549581334e+03
-3.880684070812903810e+06
1.645893897558904625e+07
1.067975982395441644e+07
1.087335301760043483e+06
-3.482656031108658761e+07
3.410340141774906218e+07
7.564842162514423952e+06
1.313483084787913365e+06
1.403163738447525771e+06
-4.201318388002419844e+06
4.064148095013260841e+06
-9.311223036918921396e+06
-3.936699595969388261e+06
1.012780327257673815e+07
2.510840972284501418e+07
3.389659364667725749e+05
-1.191908415401713550e+07
4.881439653545917012e+06
-5.169898742198943160e+06
2.844998653569437563e+06
-2.265163657247726247e+07
2.113203171823076159e+07
-6.528637531103490619e+05
2.130868707337814942e+07
-2.549308758733419818e+05
2.466712793487966061e+07
-2.765862488585532643e+06
-2.378620260943723843e+06
-4.835198679834744893e+06
-1.048816797293343768e+07
3.842748598075811286e+06
2.717584927083710209e+07
2.023572713478928804e+07
-6.863592728555860231e+05
-1.126694461297127884e+06
1.951555156208749488e+07
-1.890682545356639661e+06
1.268603825046875887e+07
-6.488003145572741516e+06
-2.376019251097861677e+06
-2.811544789326424245e+06
4.466021025487081148e+06
3.936638796521582454e+07
-2.088441015923438827e+06
-1.247827369951346330e+07
1.227324418077393901e+06
-4.153861434430205845e+05
3.398043754595602304e+07
1.250824822374369577e+07
-6.894305615076256916e+06
-1.072569485323465057e+07
2.707960374488783069e+06
-7.399322588720154017e+05
3.039853348537239246e+06
-2.917278550364442635e+05
-2.297139380509730894e+06
4.447818312672325992e+05
4.987119239618251473e+07
9.298607167801722884e+06
-5.746911212468926795e+06
1.457059523373980261e+07
1.835062332845913619e+07
-1.627348221630991437e+07
-4.769802797136784648e+05
9.479205882398599759e+06
-1.347120444166615978e+07
1.952067710792697035e+06
-1.661790182751348056e+07
2.540538099263305310e+06
3.428718172166739590e+06
5.177812008323802613e+06
-1.965364871013009548e+07
1.860080167097984627e+07
6.437430297501407564e+06
-6.856119043533314951e+06
2.220009364286744967e+07
-1.079477916122208349e+07
-8.532063266592717264e+05
4.795630313719985425e+05
-1.236247815744136460e+07
9.368202555283427238e+06
6.085926142223972827e+06
-1.956371058353201300e+07
-1.035014115872637928e+07
2.417047685254425742e+05
-3.295788917166502029e+07
1.691089639931572974e+07
1.791030107105661184e+07
-2.086071938576705009e+07
-4.847290214885423891e+06
-1.978987692715553194e+07
-5.947532420053543523e+06
2.033238750387111446e+06
2.140819908105843700e+06
-1.883627647088435479e+05
8.606978025124532869e+05
1.212782541991177015e+06
7.666095462974961847e+05
1.163110645105791045e+06
3.581200230382149457e+05
-2.247997349080333952e+06
-2.383407512701987848e+07
2.678651961934947222e+07
-3.740989553202426992e+06
1.503104944227593578e+07
-1.347449787955078669e+07
4.951191519974916242e+06
6.788410017113179900e+06
-1.151123639004127868e+07
-1.045083705867785215e+07
4.122421575982630602e+05
-2.690013276931833476e+07
1.797668922688882798e+06
2.650127965665476397e+06
-2.046941723555361852e+07
2.319373994219884649e+07
2.093937848388385400e+07
9.670390221881299512e+05
-1.842814207330451533e+07
4.943278554017074384e+03
-3.661706000120753422e+06
1.432863900557163870e+06
4.206833956614724360e+06
2.212408973422287498e+06
-3.086856269764702395e+07
-5.891853878408302080e+03
-8.539434058327704668e+06
4.127814979039361235e+06
-1.597994496334284544e+06
2.051711738257652894e+07
2.156819492118466273e+07
-6.883393840450947173e+06
-1.046450275548170134e+07
-1.197495138625549711e+07
2.999739406965892017e+07
-8.031634257304891944e+06
1.008223244146960642e+05
-1.878224225610649213e+07
-1.836395026749571040e+07
3.137658754019230604e+06
1.001797957118621841e+07
-2.544839906059057266e+07
1.049934348958896473e+07
-2.322279260325408727e+07
1.579308040407803096e+07
-1.813069221121637896e+07
2.384481156687842682e+07
6.591652299372943118e+06
-2.928290398091092706e+07
1.728124303780937940e+07
-2.218216905888638645e+07
2.056444111592519656e+07
2.767727410728431866e+07
-1.744647909166825935e+07
-1.237351245109391958e+07
1.102806473252238706e+07
-3.153011365699488297e+07
6.741475665302655660e+06
2.111396379363401234e+07
-1.153989725904172659e+07
-2.142398807589738443e+07
1.538678260396151990e+07
-7.041410930344794877e+06
-2.835365131114130840e+07
-7.687518471788180992e+06
8.620448659080576152e+06
-2.385427068176339939e+07
1.393054498420391418e+07
2.869527197735981550e+06
8.938927034233620390e+06
6.301764034236435778e+06
-1.956803139565858245e+07
-6.792705115407322301e+05
7.294913942756750621e+06
2.214333313225460425e+07
-1.498884673848186247e+07
-7.737038669927028008e+06
1.433850525839791633e+07
-1.221606212005585432e+07
-1.656666226350422390e+07
-1.568165657198450714e+07
1.395823728603485040e+07
-5.771565158187523484e+06
1.812702050982681289e+07
-2.378283375204213336e+07
-1.589785412585468730e+05
4.402432792781364173e+06
-1.641066049970292859e+07
1.531674011739379540e+07
-8.116645954124282114e+06
1.184836660524857603e+07
-1.713040661822224408e+07
1.070448283625083417e+07
7.093883133590887301e+06
-1.460281063508739509e+07
-3.793715859285988379e+06
-1.289469903308361024e+07
1.636843064441915601e+07
-6.608954398647524416e+06
1.791082852536643669e+07
-1.805501942876030505e+07
-4.978186648671122268e+06
3.605170236113743857e+06
-2.018259155993298441e+07
-2.014495872518376913e+06
1.488391149476943910e+07
-2.814325147595375311e+06
-1.039780404218594776e+06
1.478170320153556019e+07
