1.546196112931078672e+08
-4.396797881830854021e+04
-1.264745253689416647e+08
5.268338647206944879e+05
-3.988723115941050928e+05
8.851490027515077963e+05
8.177800928542117588e+06
1.456228424188823625e+07
-9.074728509647930041e+06
3.197121374176458642e+07
5.553023135489207692e+06
3.068810054839066416e+07
-1.485857477938345820e+07
9.762308197672057897e+06
2.217605172889460810e+06
1.140571063176094927e+07
5.540703184025280178e+07
2.031042065387016907e+07
-1.348864332857944071e+08
-1.305984654022506811e+07
-4.986892652224631608e+07
-3.794793993657713383e+07
8.918663716706514359e+06
3.907811308088850975e+07
-2.884488394366321736e+05
6.978443726961961947e+06
8.147811502229151316e+06
1.233603226004266366e+07
-1.693600867259681970e+07
-3.029651939146665484e+07
3.345380237807825208e+06
-2.213304730749204010e+07
-1.044216119042358734e+07
3.215767337731702719e+06
-5.693992332518815994e+06
-2.770088270852461457e+06
-5.045379759545504116e+06
-2.956172729852246586e+06
-2.622704792806376517e+07
2.010587991980820149e+07
-7.824314206314774230e+06
-7.773425323429067619e+06
2.000156849594864622e+07
5.597218393723010086e+06
7.207556584390264750e+07
2.517344525660199579e+05
1.536046814698923752e+07
2.036949514278766466e+06
1.650256397460711934e+07
-1.998308182864191756e+07
-1.166009421763099544e+07
3.969138711934352294e+06
-1.404096128112690896e+07
-1.331872606329973601e+07
-8.147145709866308607e+06
-1.600453056259685545e+05
-1.310613504937327001e+06
-1.055799789846754260e+07
5.896788461829250678e+06
3.557771758111685049e+06
-1.276893718566442281e+07
1.079347297889746726e+06
1.970763487157623470e+07
-2.295205784637536481e+07
7.645907575553649105e+06
-1.455268504968514852e+07
-1.227012563880049810e+07
9.344875784888297319e+06
-5.491497806479178369e+06
4.022489402891209349e+06
6.243186535970781697e+05
-3.347442344235127326e+06
-1.056568857457071543e+06
-4.120185678468003403e+06
-1.817380507159073371e+06
1.396859890211299527e+06
-4.034544767095354944e+07
2.244699237240409129e+05
5.603953581593763083e+05
5.075313315491524525e+06
8.389157477494454011e+06
4.121883046186445281e+06
-4.778627749150733580e+05
1.302329039523618110e+07
3.300135928321205080e+06
-4.982939942764560110e+05
-8.624702822124954313e+06
5.496414725959442556e+06
1.910063737578444928e+07
-6.295272508544556331e+05
9.282338459315666929e+06
-3.709215532806218602e+06
-2.416664838096851483e+06
1.556206168594447430e+06
1.009145451984518766e+07
-1.533990110037953360e+06
-2.615391754847084172e+06
-3.418461979937531799e+07
6.686190229181606555e+05
-6.651578445905739442e+06
-2.081485764334546402e+06
-1.093313140701422282e+07
-1.074508970740146004e+07
1.378615125968749262e+07
4.567841392958649434e+06
-1.106930094435812316e+04
1.722815253359995084e+06
8.487111549490869045e+06
3.273712206910426728e+06
8.391287617539890110e+06
1.259277684011499956e+07
2.695683837399967387e+07
-2.961898273993443232e+06
-3.047679919675547630e+07
-7.366626816911218921e+05
-2.175975109229406808e+06
-2.168061863750018179e+06
9.447664559091791511e+06
6.750241633283738047e+06
2.045168207775261952e+06
6.803513544043379836e+06
-5.331078868068206357e+05
-1.791590506960419938e+07
1.331348363166771596e+06
1.538384736859872472e+06
3.913834758838281035e+06
-2.706649353814698383e+07
1.100425957067711093e+07
5.123930308079341776e+05
-3.394683355497534387e+06
-2.337073501942569762e+07
-1.528391232996598119e+06
6.964428017160722055e+06
-3.084612802982086316e+06
1.090030367284758715e+06
-1.215963886679209955e+07
5.523994327358871698e+06
2.156844037174503319e+06
-1.737193269034193654e+05
1.503872059785473903e+04
6.666633178996998140e+03
-7.595875028449609876e+06
1.369684001937339455e+07
1.525187874743048847e+07
-1.743637091539759189e+06
-2.299292346866862848e+07
3.191319170168043301e+07
4.129277809829027974e+05
-1.476651497389742173e+06
-7.742427822309010662e+05
1.046931577308850735e+07
1.004785085194529407e+07
4.637863871732739732e+06
4.544493055608408526e+06
7.347179831422944553e+06
1.540919623875942267e+07
-2.657143104524671216e+05
-5.943967767593719065e+06
1.807261363211839693e+06
-4.575088976871757768e+06
-2.541417264840205666e+06
-9.336872636039426550e+06
1.876307648036246002e+07
6.018053269508974336e+04
2.343666597293418273e+07
-3.848260917366717476e+05
1.745720243374093994e+07
7.932240696584386751e+05
-4.701269516749633476e+05
-1.489812425479958300e+06
-1.118273974105839431e+07
-2.375125589908493217e+06
1.760377296356602386e+07
6.963081375611222349e+06
1.299181578888602788e+06
-7.532936848181039095e+05
4.843181285024230368e+06
2.863968344132566825e+06
1.687132986840566993e+07
-1.539125753849867545e+07
-4.459558136463428964e+05
-1.712069017441135645e+07
-1.144244299234316219e+06
4.111689178264749050e+07
3.790447010487963562e+05
-8.279085370149919763e+06
-1.729414308323855279e+06
2.582888992877705896e+05
1.146225796895098872e+07
4.973546799607830122e+06
-6.504734915171628818e+06
-9.213150358404923230e+06
-4.634412531035530381e+06
6.031290293389733415e+04
2.491768320190203958e+05
-3.534418278845457244e+05
-5.634813736848838627e+06
7.891301761960875010e+05
3.450776657603231072e+07
-8.792887811919453088e+05
-2.492407550466299988e+06
-3.780186613942425698e+06
1.632835672614448238e+06
-1.274318628046477586e+07
-1.916383209787597181e+06
9.666273462386302650e+06
-5.449951999612613581e+05
1.567130673115816200e+06
-1.158150764500425942e+07
-2.857959274780866690e+06
-3.932720825912674423e+06
6.342700159419020638e+06
-1.006462289617554843e+07
8.396768553762491792e+06
3.743170905676564667e+06
3.011812838726388509e+04
6.963705117144634016e+06
-9.657544362673243508e+06
7.935162517292655539e+05
3.924673737389758462e+05
1.760240637126880465e+06
9.138674334727756679e+06
1.019474811688363180e+07
-3.046526771579341218e+07
-2.604483996728333645e+06
-3.354640439514115569e+05
-2.095145104647791013e+07
1.663149509224812128e+07
7.569178696466286667e+06
-1.624897917376988754e+07
-9.838026676873119548e+06
-4.462552248556849547e+06
-4.361947209840027499e+05
-3.722104534466071986e+06
-5.233658571734989528e+05
-1.156023027305411815e+05
3.199045995651201345e+06
-2.384879893355307169e+06
1.696393719471065560e+06
6.680733049441321054e+04
2.051712776537656086e+06
-1.884400600571849151e+06
-1.839293173874427751e+07
2.391508573238132894e+07
2.831779302835194394e+06
1.411913684351928532e+07
-1.264788715387443453e+07
-1.438125159446027596e+06
-8.353609896694883937e+05
-8.466057019628230482e+06
3.744252144054089673e+06
-7.309225211873984663e+05
-1.908150134755348042e+07
-3.120801547050382011e+06
-2.906540604171218351e+06
-1.099055959864803031e+07
4.282971710357805714e+06
1.134071938973293640e+07
7.506378610694508825e+04
-1.041835811296715029e+07
1.847898098531908356e+06
2.438023713814727962e+06
-2.102995029856133275e+06
-3.572475747595172841e+06
-7.728795422019108664e+05
-2.553513058783180267e+07
1.338609182098967431e+05
1.483900205194995397e+04
1.705104392073470633e+06
1.537922357269855449e+06
1.332518813819880038e+07
2.045180587871252373e+07
2.268226227040257305e+06
-3.390324947195344605e+06
-3.289446832265664823e+06
2.944978700504935533e+07
-1.348388044704749249e+06
1.656318588355109750e+04
-1.235660802818048559e+07
-1.140205078152475506e+07
7.590392857004323974e+06
3.109473147279755212e+05
-1.227439630654698238e+07
2.419817640584511217e+06
-1.838511983702073991e+07
4.340170831718239933e+06
-9.696968207763632759e+06
1.766331343996796757e+07
8.886703334542864934e+06
-1.663887751054104045e+07
1.021419940184113570e+07
-1.008807262908133678e+07
1.130966185493923165e+07
1.825681662181262672e+07
-1.151562022248884104e+07
2.477682306557501666e+06
2.844428691709898994e+05
-1.437899797406101972e+07
1.960003318434181809e+07
1.210516968568519130e+07
-7.828245310533822514e+06
-3.067643813448682893e+06
1.113571793756247498e+07
-1.702790663263481855e+07
-1.263977521514877304e+07
-5.375579255779351108e+06
-8.013077844023097714e+04
-6.986108874555381946e+06
1.759320962199847028e+07
-9.537631095699390862e+05
-1.340973775308807846e+06
3.418236331222048029e+06
-3.453734783870131243e+06
-2.068351096780251828e+05
6.780610004944805056e+06
7.604143858517912216e+06
-7.324376514273323119e+06
-1.615287347865267657e+07
1.798717823607322946e+07
-8.950793107744161040e+06
-1.415720396740876511e+07
-6.004729873658726923e+06
1.324291674079966545e+07
8.703668590711385012e+06
9.195720408043881878e+06
-1.341962477079103328e+07
-1.558374248944812454e+06
4.007989248164734803e+06
-6.450262948360736482e+06
8.535054986267630011e+06
-4.490544882051676395e+05
6.492180173644334078e+06
-4.682464250062069856e+06
1.118735305826700665e+07
6.771781457147519104e+06
-9.098500550575654954e+06
9.836426678672891576e+05
-1.220094356054174714e+07
1.285160456932212040e+07
-4.623098845497377217e+06
1.048621030065376684e+07
-1.219978630197543092e+07
-4.511074127204222605e+06
9.005371784749630839e+06
-1.888812012253487483e+07
-6.209321501464442117e+05
7.547646471211183816e+06
-8.370841113372223452e+06
1.240537052265816135e+06
7.735708274195102975e+06
-7.153812047284604050e+06
1.586290494645424373e+07
-2.762551709148331080e+06
7.600369271447923966e+06
4.757794875177657232e+06
6.670770912587110884e+06
1.212768820083573461e+07
-1.014238517974765413e+07
-2.683204544775179820e+05
1.478339478356725909e+07
8.481832134014869109e+06
1.460852179420818947e+07
-9.028862884841369465e+06
-4.448252456576037221e+06
-3.857417670836895704e+06
3.104204937021923717e+06
4.839905876111245714e+06
-5.890212182696555741e+06
-1.728877725761372130e+06
-4.169463801207420416e+06
-4.273011149018151686e+06
-8.783485047661444172e+06
-5.105526155116839334e+06
-1.045622294800956268e+06
1.045914190425674617e+07
7.277175642516296357e+06
-1.004193551006763056e+07
-4.288813793807296082e+06
-6.514876362857523374e+06
-4.533780520683709532e+06
3.749953469174328260e+06
-7.620186737774947658e+06
-4.413483910407759249e+06
-6.128116195119563490e+06
1.499422854774552397e+06
-8.058814346769056283e+05
-1.277514163852025010e+07
1.047629815286269039e+07
-9.915619827430896461e+06
1.114611407565884478e+07
-2.784215985706640407e+06
-9.251722061556013301e+06
3.262825319100298453e+06
-1.956431987239833223e+06
-3.165587959875146393e+06
3.409226220326965209e+06
-2.121567632502013352e+06
2.804260300851490349e+06
3.118273226123645902e+06
-7.034642186268854886e+06
-6.165239454283428378e+06
-1.229818943750239722e+07
-6.487994570701704361e+06
9.675721301353339106e+06
-3.870696523717667907e+06
-5.776520010438382626e+06
4.786123457437462173e+06
-3.112433528167888056e+06
8.117919390372054651e+06
-2.485722310583123006e+06
-1.157354231364084699e+05
-2.426106754088662099e+06
-3.509247945824805181e+06
-2.894416012689681258e+06
3.921706657698288094e+06
1.373194759832422482e+06
-1.988367390982439974e+06
-7.010114117887434550e+06
-3.368534094025294296e+06
-4.485451389790398069e+06
3.206089752856546082e+06
1.006872674772129022e+07
-1.206971984999497654e+06
9.632959388604028150e+06
-8.374446304729201831e+06
9.285317141083242372e+06
-1.785827328474387527e+06
-8.768092607164563378e+04
-7.910126376597061753e+06
-8.237287927869702689e+06
6.534091544144762680e+06
-5.826250259159284644e+06
7.507928916412457824e+06
1.948286599142753985e+06
7.212799536408774555e+06
-4.192203677718946245e+06
9.669961180110950954e+05
9.452138647869180888e+06
-3.961060018622866482e+05
-9.728270348833290860e+06
-6.970227783558572643e+06
4.315215601132922806e+06
-9.086818166518962011e+06
-7.865392506731127389e+06
7.177911670782983303e+06
7.019523012455405667e+06
2.772320923665070441e+06
4.081986418440901674e+06
-6.856076532551970333e+06
-2.036083204977463465e+06
3.760465321485178079e+06
-2.404286469116205699e+05
5.221451251231779344e+06
-3.828957491911116522e+06
-8.811784867956573144e+06
6.647141105525549501e+06
3.559744707696603145e+06
-5.228277393417345360e+06
8.980148445273988182e+05
1.465151238461863482e+06
4.418242598004366271e+06
1.044213674344372191e+07
9.582965122601620853e+06
-2.505943781317916233e+06
-6.741743970786580816e+06
3.357467149871399626e+06
-4.931098737720420584e+06
-8.440185986421466805e+05
1.212659181340556126e+06
-2.470195969893697649e+06
-4.850139266913931817e+06
3.555775615434286650e+06
-4.994225011518240790e+05
-5.838839331309916452e+05
-3.666217953834176529e+06
-9.329594076871714788e+05
1.631366134666689613e+05
-2.837128023337743711e+06
1.643275481385592837e+06
2.266480290797697380e+06
6.579718660577893024e+05
7.262432097347077914e+06
-8.551822140067655593e+06
-3.874450535816466436e+06
1.948335278711573221e+06
-5.909336565676679602e+05
2.399575514302510303e+06
-6.076847686603572220e+06
4.608484892764223740e+06
2.620000434398425277e+06
2.569813554832055699e+06
5.092737086226088926e+06
1.100337233554205159e+06
-9.710076123729627579e+06
-1.412079665119337849e+06
-3.009290636730557308e+06
1.205367443807346281e+06
2.481069068621539511e+06
9.896371561914092163e+05
1.278841112493880559e+06
3.171188281261747703e+06
-6.828563743847956881e+06
-4.162392732805124484e+06
-2.055140593764626465e+04
2.179797112167011946e+06
-5.622423823566023260e+06
1.624258057551827049e+06
9.034321048811418004e+05
-3.338430304982836358e+06
4.013934163193073589e+06
7.479659769962649792e+06
7.520736392395841889e+06
8.373974228900245391e+06
1.054953883753559930e+05
1.631043042440003948e+06
3.628656084935122635e+06
-1.017531962876273785e+06
5.799872276529981755e+06
2.586024329227774404e+06
-4.081434571646298748e+06
-3.055377948350612540e+06
-1.473788204622297548e+06
6.278185840711581521e+06
-4.159794361973301042e+06
-1.166541999527630862e+06
1.664804637333954219e+06
5.120161588529818691e+06
7.254244266548101790e+06
-9.052271252099744976e+06
-6.555976541111052036e+06
-2.282211422084116843e+06
4.822629045478464104e+06
3.596725448189392220e+06
2.954513856782410294e+06
1.407688176590464544e+06
-2.239547176667907741e+06
-4.114961788203830365e+06
2.255020924917104654e+06
-2.235620916481201537e+06
-1.373321229159322800e+06
-6.328626837057000957e+06
-2.978684462430233601e+06
7.910853047081802040e+06
-5.517019537939150818e+06
-1.131612918023606297e+06
-7.815407374848452397e+06
-1.085686550174143165e+06
2.603356383547140751e+06
3.285120603394020000e+05
1.118621852936923271e+06
-6.170653096522389911e+06
2.137818914079840295e+06
3.735234137261759024e+05
1.139050373408738989e+06
-4.699861539795710705e+06
-6.803712321502503008e+06
-5.723838894571784884e+06
8.541227815455993405e+05
1.642258964301015949e+06
-2.697469569571417756e+06
7.215925550040503033e+06
1.113946038336098893e+06
-2.690192618627018761e+06
-6.396936269162138924e+06
-1.407922166518256301e+06
-1.675374662858405150e+06
-1.898518087258502841e+06
1.887572830974129261e+06
2.823959323656758294e+06
-1.969228336013031425e+06
-3.387742192382190842e+06
-1.226802358379780315e+06
-5.467967611513201147e+06
6.519492303993144305e+05
5.098367745001709089e+06
-8.017807599373475648e+06
9.944129747757676523e+04
3.694825301334095187e+06
7.761234922352484427e+05
-4.479097751270611770e+06
5.755436554338538088e+06
-4.302011123917257413e+06
-4.661226848920196295e+06
-2.890438367243853863e+06
1.833178539151989855e+06
4.418327280908991583e+06
6.056571613719183020e+06
1.861316852989933221e+06
2.461790272044745740e+06
4.241125237551877275e+06
-5.284469486754897051e+06
7.946976858609271236e+06
8.355675059364307672e+06
5.480701023146618390e+05
3.126565597196781076e+06
3.596612551801647525e+06
-2.674545994384023361e+06
4.211117764298523776e+06
-3.884014420845724642e+06
4.151605769872537814e+06
8.000504609226380126e+04
5.328097590415387414e+06
2.923057761143940967e+06
-8.563399650932734949e+04
4.170295418774136342e+06
-3.686903095125814434e+06
3.528505796955605503e+06
2.788710899910867447e+05
-4.101639227757757995e+06
1.893764337014035089e+06
3.476970199695498217e+06
3.808876942807904910e+06
8.600098863284921972e+05
-2.962193229784174822e+06
3.868058964360340033e+06
-2.323451198527083732e+06
-4.522255711443235166e+06
-3.576794976984822191e+06
-1.990020215859111166e+06
4.668530040323656052e+06
3.797856860769608058e+06
4.566030817449587397e+06
1.640554990859436337e+06
2.025640889829433523e+06
-1.781997648040666827e+05
-2.688164543336645234e+06
-4.190439941675484646e+06
-3.619315673588525970e+06
3.679398289509032853e+06
-1.639129391471971059e+06
3.791985227338980883e+06
2.755322198524674401e+06
4.422373887270119973e+06
2.429283911115160212e+06
-5.256877000008212402e+06
-1.532606646229234757e+06
2.997225497852206230e+06
1.228810784853075631e+06
-4.352923281700498424e+06
-4.439201214158052579e+06
-2.510248090131642239e+05
1.299805754153324757e+06
-4.050199894108410459e+06
-6.036855791822774336e+06
6.923178331876957789e+06
3.523811308295484632e+06
-4.586479428831894184e+05
-9.101202593584745773e+04
-3.713138728657592088e+06
-4.192267336815903895e+06
2.479135349899846129e+06
-1.155305001473837137e+03
3.478030908840302378e+06
4.321375057625067420e+06
5.349317905884370208e+06
4.290033496189502068e+06
-2.198975725045229774e+06
-9.591661490255661774e+05
-5.629052061914516613e+06
-3.565135237625865731e+06
-1.008218480238566874e+06
5.376839224912497215e+06
2.173065372594410554e+06
-4.433235697263458744e+06
2.640701823888511863e+06
-1.596588421287120320e+06
3.500981568517508567e+05
3.248015390503758099e+06
8.107674049964353442e+06
2.335012401640102733e+06
4.465481288628020324e+06
-8.501712764719730476e+05
1.311390449660727056e+06
3.014771550038348883e+06
3.461780157693279907e+05
1.607723734157321043e+06
-1.862830029748504749e+06
-4.476652333764953539e+06
-5.969941172173653729e+06
2.547005563944221009e+06
-4.505935681836259551e+06
3.808325743092453107e+06
2.267678477946704719e+06
-5.819900762053374201e+06
1.597090884535258170e+06
-3.200881719220320811e+05
-5.199904386861421168e+06
-3.261382550079511479e+06
-1.920962422900944483e+06
-3.949916321239627898e+06
-4.068321771039810847e+05
-4.231286385877397843e+06
-4.082207589055316057e+06
-5.398307491471535526e+06
-2.588294101314362779e+05
5.727861150489398278e+06
-1.615700030090674409e+05
-1.276506100034938427e+06
3.265653549646506086e+06
3.740485178231632803e+06
4.346256019207590260e+06
-1.875860438786801649e+06
-1.578765491879409645e+06
-5.537660531885053497e+05
-5.004979101886891760e+06
-1.759143862974605523e+06
5.035697867585824803e+06
6.471259440809959779e+05
-9.849473211836738046e+05
-1.333456086584638571e+06
-4.333330606142394245e+06
-1.093114227760864422e+06
1.921782736398176756e+06
8.458836359506456647e+05
2.288773695222732145e+06
4.305657419517738745e+06
5.582504597564371303e+06
-5.184447893900555559e+06
3.093210608022745233e+06
2.081197126208857866e+06
5.506317286270177923e+06
-2.257673727854879107e+06
-3.145629302115937229e+06
-1.178322888333886396e+06
2.519744355067958590e+06
-2.426590709112525918e+06
1.447828905785167823e+06
1.974586194849509746e+06
6.122850704426784068e+05
-1.506312294280797476e+06
-2.447044580493489746e+06
2.572962311523623765e+06
5.740898246454838663e+06
-4.774081920609618537e+06
2.392503203377658501e+06
1.296394124072961509e+06
4.520678172244763002e+06
-1.735377454828329850e+06
-2.425644909767433070e+06
-2.727258783453234937e+06
-3.999055503458525054e+06
3.111738209717408288e+06
-9.293785791552418377e+05
-1.327246039651287254e+06
-1.812281590438272338e+06
3.674065674357506447e+06
1.193694837847429095e+06
3.816774575234475546e+06
-4.285972000788741745e+06
-5.054040949597724713e+06
6.446605463633852080e+06
3.964414858900870662e+06
4.634624438769650646e+06
2.621322096806466114e+06
-7.042763767112485366e+05
4.612232991192554124e+06
1.037420666488390183e+06
3.090282260744337458e+06
3.983245374215783086e+06
1.141699293779510073e+06
3.361223674210434780e+06
2.936434956635226496e+06
-2.847042403485093266e+06
-3.011420315306331031e+06
1.720776215719625354e+06
-8.937406841862108558e+05
-5.907906606139006180e+04
-4.835438166040091775e+06
1.277351001945673022e+06
3.667749931114711799e+05
-2.319368321445167065e+06
-1.550430770735453581e+06
1.764462472692600277e+05
-1.454828395689743804e+06
3.589173312882838654e+05
3.575990118411138654e+06
2.247654952965674456e+06
-4.553859259690483101e+06
-2.611650177640022710e+06
-2.262193370368706062e+06
1.140809639227767475e+06
1.654796733862221299e+05
-4.680005085882777348e+06
1.590159748777869390e+06
2.293622099332543556e+06
-4.706935826721082442e+06
-2.134775692865050863e+06
-5.011459845242131501e+06
-3.026556379305749200e+06
-8.475843761019828962e+05
-7.997896897315604147e+05
4.834836300878399983e+06
3.608279106016923324e+05
2.982172306793061551e+06
-1.885499545281636296e+06
3.286356362855094951e+06
2.340219649120252579e+06
-1.340655111012746114e+06
4.794672710263635963e+06
-1.825403275351007702e+06
-1.827690194603852462e+06
-1.529824209846675163e+06
-2.843429921845233999e+06
-2.454229854491821956e+06
-4.875967629734297283e+06
3.703627485586632509e+06
-3.420095783774056938e+06
3.420781870405033696e+06
1.950463660496087745e+06
3.477829272470714990e+06
-4.420732045760632493e+06
2.270289532812452409e+06
1.233515492773355450e+06
-1.780517043189357035e+06
2.800755720675421879e+06
-6.790855678591338219e+05
4.051978688095840625e+06
1.173633949703137856e+06
1.981751049099259079e+06
-2.450122887624536175e+06
4.470681254871768877e+06
5.718212042670916999e+05
-2.674177322635026183e+06
-2.364903696700844448e+06
-3.901820153361696284e+06
6.095204929004653823e+05
7.673791300525896950e+05
1.109430043695150409e+06
2.844153494626876432e+06
-8.116756720757775474e+05
-2.259436870234015398e+06
-3.373695382201935165e+06
2.165801367204444483e+06
-1.833249959120240528e+06
3.998970172549242619e+06
-3.794412597382938839e+05
-7.411231835214901948e+05
-2.008321910193765769e+06
-3.757850503571327310e+06
-2.310309550477911718e+06
7.539914760085896123e+05
2.561571903735708445e+06
2.567676216179812909e+05
-2.560304367492956109e+06
7.019320691678293515e+05
2.061235754471331602e+06
-9.130748533613255713e+05
-6.137699609476753976e+05
-4.118806577936001122e+05
1.442955226841334486e+06
-2.499670560525040608e+06
1.252829023583668750e+06
3.052448294259501155e+06
2.421207356553922291e+05
-4.459037408764033578e+06
2.705213837026146706e+06
-1.293935164601651486e+06
-2.028570733271826291e+06
-4.340923551189610735e+06
-4.079003688655153383e+06
4.167997096615792252e+05
-5.996116700567483203e+05
-1.082186884186257841e+06
4.462221052188395523e+06
-4.154331312354680151e+06
9.880286052584879799e+05
-3.013899747605034616e+06
2.679690094808272086e+06
3.550295464361010236e+05
-3.902377225249749608e+06
2.860544294972138014e+06
1.841846468541781651e+06
1.184033634406346362e+06
-2.910714128806619439e+06
2.954621546552904882e+06
-2.114653089891790878e+06
-1.153586504261211259e+06
4.059785595678644255e+06
1.074500691060487006e+05
-4.892408090855472721e+06
-5.005123617135729874e+05
-5.743860133819953771e+05
1.912879073262602556e+06
9.487189255088705104e+05
-3.904529960776410997e+06
-2.639579681119715329e+06
-1.985372636886498891e+06
8.506886023859281559e+05
4.353982615824282169e+06
2.565460897584559396e+06
1.733527229710367741e+06
-4.143311318619165686e+05
4.045114040505897719e+06
-1.748491299323133426e+06
-2.910695756241244264e+06
-4.554553470679418184e+06
1.888698057516643545e+06
-3.497929534945142805e+05
-2.315535672469363548e+06
-3.894996910741294734e+06
2.418699984022561461e+06
5.348362678707570303e+05
-3.684383663004333153e+06
-2.822295234315344598e+06
-4.157530721434174571e+06
4.742998563983474160e+05
-7.973878828888207208e+05
-2.388578037427490577e+06
1.839431208760355366e+06
1.811326256357346661e+06
-1.374905925540275406e+06
-6.613722049000407569e+05
1.028787653177805711e+06
-9.996962015718516195e+05
-3.277489802127649076e+06
-1.631586528778717387e+06
-2.541105308146493509e+06
1.376884011068198830e+06
-1.337555820398480631e+06
-4.890272681249828747e+04
1.757950060428206576e+06
-2.470514920090009982e+05
-1.210880326695456868e+06
-1.485440195285791997e+06
-1.716750437580214115e+06
1.296088715564482147e+06
-2.842015651015841402e+06
5.315197129195948131e+06
-4.417740140226228163e+06
-7.496675179264378967e+05
6.415666514267604798e+05
-2.455674043513162469e+05
-1.296489926076117670e+06
-7.347010829224040499e+05
3.928978499560856260e+06
7.307383160587040475e+05
4.341654894632748328e+06
3.918946513291683514e+06
-1.395952954160268186e+06
2.363666504327996168e+06
-2.533443200876450632e+06
-2.642183962325587403e+06
-2.369515295617881231e+06
-1.400083549220130080e+06
4.439569058279652148e+06
-2.754442356160186697e+06
1.448810414695595624e+06
-1.818391507493412821e+06
1.660474481070870301e+06
-1.884227668678712798e+06
1.809199882178117987e+06
-2.880398821860358585e+06
4.298972705243655364e+05
1.650907771296126768e+06
5.671581596149456454e+05
-3.459843373717730399e+06
1.346893283424239140e+06
2.770731705072994344e+06
4.117868220484549180e+06
-7.676798599736155302e+04
6.206861266346140474e+04
1.379175647793854121e+06
4.755421901994782966e+05
-1.855760604338211240e+06
-6.410859710247471230e+05
-4.082349694410255179e+06
2.997755938237445895e+06
-8.241195009951820248e+04
3.116612266753808130e+06
3.772285762528491206e+06
4.022069051767252851e+06
1.641491350119336043e+06
3.068396677930941805e+06
1.272894688248927705e+05
1.777086964706482133e+06
1.443606395054274471e+05
-6.945148885714702774e+05
-2.998615631680086721e+06
4.925136600584941916e+05
-3.192871079289373010e+06
-7.922359895923610311e+05
3.766610604237217922e+06
-1.606411701093760319e+06
-2.857167303108981811e+06
2.446526629641346168e+06
-1.536682034443723736e+06
2.813445946681277361e+06
-5.826585880509749986e+05
2.760104286580894142e+06
-3.579992834438094869e+06
-3.293221966864884365e+06
3.599082758659696672e+06
1.383364167810382554e+06
-7.624055022787557682e+05
-7.818027815083395399e+04
3.667602505086374469e+06
-1.180349548032641178e+06
-1.371562396799555048e+06
-2.907371300355850253e+06
