3.373288600000000081e-01,3.322396000000000238e-01,1.673858300000000132e-01
3.265009400000000173e-01,3.243906500000000026e-01,2.974656500000000259e-01
3.398354800000000231e-01,3.292280699999999838e-01,1.724440299999999981e-01
2.319154000000000007e-02,2.300792000000000115e-02,1.656035000000000146e-02
3.021565099999999893e-01,2.997322499999999779e-01,2.779993499999999784e-01
3.333421999999999774e-01,3.100268700000000099e-01,2.912061200000000127e-01
2.347059900000000032e-01,2.332641799999999876e-01,2.306381399999999915e-01
3.183692499999999925e-01,3.046110100000000154e-01,1.750567299999999937e-01
3.332434200000000124e-01,3.229176500000000005e-01,2.270603999999999956e-01
3.316014299999999748e-01,3.252432599999999785e-01,1.827635999999999983e-01
3.381777999999999729e-01,2.559429100000000235e-01,2.419506100000000104e-01
3.279898500000000272e-01,3.102175600000000033e-01,1.782532699999999914e-01
3.302067100000000144e-01,3.119834699999999850e-01,1.969656100000000132e-01
2.960966500000000168e-01,2.929485099999999953e-01,1.911921699999999946e-01
3.212495699999999843e-01,3.082115400000000061e-01,2.803700900000000162e-01
3.133475600000000250e-01,3.028785500000000241e-01,2.475442099999999868e-01
3.366732599999999742e-01,3.202467999999999981e-01,1.834565999999999975e-01
2.715074399999999888e-01,2.706581800000000260e-01,2.672102199999999983e-01
3.325025799999999920e-01,3.302111999999999825e-01,1.710426600000000130e-01
3.375543500000000030e-01,2.838887700000000125e-01,1.980237999999999998e-01
3.319995000000000029e-01,3.130865600000000137e-01,1.665787099999999910e-01
2.844322499999999976e-01,2.829794299999999763e-01,2.272741199999999961e-01
2.611357899999999788e-01,2.602924699999999980e-01,1.652730599999999994e-01
3.382774499999999795e-01,3.134205400000000252e-01,1.794005800000000039e-01
3.386893599999999949e-01,3.257036200000000270e-01,2.604702400000000195e-01
3.352929599999999732e-01,3.236648799999999881e-01,1.650631300000000024e-01
3.219379700000000177e-01,3.017198400000000169e-01,2.255892999999999926e-01
3.074067899999999853e-01,2.530036399999999741e-01,1.885958100000000026e-01
3.206707699999999939e-01,2.027389800000000131e-01,1.974499899999999919e-01
3.254279700000000108e-01,2.995581600000000178e-01,1.904073099999999963e-01
3.269620200000000199e-01,2.868604499999999891e-01,2.710630500000000276e-01
3.376793399999999945e-01,3.128278800000000026e-01,1.734547800000000028e-01
3.378728300000000129e-01,2.885581199999999735e-01,1.578157299999999874e-01
2.717943400000000231e-01,2.653376399999999857e-01,1.345417700000000050e-01
3.340058900000000275e-01,3.152878700000000256e-01,2.039270699999999881e-01
3.288486600000000148e-01,2.576509100000000108e-01,1.446350100000000083e-01
2.987636200000000075e-01,2.539679499999999979e-01,2.454708399999999957e-01
2.825816099999999831e-01,1.824195700000000031e-01,1.767613399999999890e-01
3.149301600000000145e-01,3.004860899999999835e-01,1.952695999999999876e-01
3.317449900000000174e-01,2.575960099999999864e-01,2.072662399999999905e-01
2.050259700000000018e-01,2.009185099999999946e-01,1.963919500000000096e-01
3.253590199999999988e-01,3.087142399999999731e-01,1.643348500000000045e-01
2.618251699999999960e-01,2.596600000000000019e-01,2.411703699999999950e-01
2.822940999999999923e-01,1.480166099999999929e-01,1.463971500000000037e-01
3.333259000000000083e-01,3.212111100000000219e-01,1.900146400000000124e-01
3.047807299999999997e-01,3.033191299999999924e-01,1.730265400000000064e-01
3.393932599999999744e-01,2.999544699999999731e-01,2.394503500000000062e-01
3.277269099999999824e-01,1.709928099999999951e-01,1.648633399999999971e-01
3.064350499999999866e-01,2.860560400000000114e-01,2.051750900000000044e-01
3.237313399999999786e-01,2.979696600000000251e-01,1.854042599999999874e-01
3.104560599999999781e-01,2.726237000000000243e-01,2.493469700000000011e-01
3.363053699999999924e-01,2.278941700000000070e-01,2.015169599999999950e-01
3.384316299999999833e-01,3.079763200000000256e-01,2.109534200000000026e-01
3.174653700000000245e-01,2.673458599999999907e-01,1.690550200000000003e-01
3.192137999999999920e-01,3.149551500000000170e-01,1.895902100000000090e-01
3.085737000000000063e-01,2.190084200000000092e-01,1.283161600000000124e-01
1.893645599999999873e-01,1.835199499999999873e-01,1.640990200000000121e-01
2.515031099999999742e-01,2.307236400000000076e-01,1.953027200000000130e-01
2.889185899999999751e-01,2.788230199999999770e-01,1.993755999999999862e-01
2.368668200000000057e-01,2.241285100000000030e-01,1.429442900000000016e-01
3.065536500000000109e-01,2.914166699999999888e-01,2.466250799999999965e-01
1.554497999999999991e-01,1.546984000000000137e-01,1.426209599999999911e-01
3.223937000000000053e-01,2.871371999999999813e-01,2.240163099999999963e-01
2.617971499999999785e-01,2.561392499999999850e-01,1.909610300000000038e-01
3.388139399999999801e-01,1.388559199999999938e-01,1.350284099999999876e-01
3.377560900000000088e-01,3.162981500000000001e-01,1.638169899999999957e-01
3.263283900000000237e-01,2.923922899999999991e-01,1.808908399999999972e-01
3.093731599999999804e-01,2.954606699999999808e-01,2.084045700000000112e-01
3.078017699999999746e-01,2.401846800000000115e-01,1.485255900000000129e-01
3.237084399999999862e-01,1.042503399999999969e-01,1.040304299999999932e-01
3.150067400000000073e-01,3.085940600000000034e-01,1.808094399999999879e-01
3.014393799999999790e-01,2.912756499999999971e-01,1.482329699999999917e-01
3.284637400000000040e-01,3.090859899999999771e-01,2.352564900000000125e-01
2.818440799999999968e-01,2.232753299999999941e-01,1.539780199999999932e-01
3.171224999999999739e-01,7.338661999999999963e-02,6.849879000000000384e-02
3.289437100000000003e-01,3.240649400000000235e-01,2.067419500000000077e-01
3.201792199999999866e-01,3.127858600000000266e-01,2.095643500000000103e-01
2.297125899999999943e-01,2.223590400000000078e-01,1.130982100000000046e-01
1.246590600000000021e-01,1.218486500000000028e-01,1.169921899999999959e-01
3.043402700000000238e-01,2.398079800000000039e-01,2.109667400000000137e-01
2.890511800000000187e-01,2.808695900000000023e-01,2.801057000000000130e-01
2.484052399999999994e-01,1.727103100000000058e-01,1.721952399999999994e-01
2.463136300000000056e-01,1.217625600000000058e-01,1.193759699999999979e-01
3.183278600000000180e-01,2.850577699999999881e-01,2.119474699999999989e-01
3.356976799999999983e-01,2.064050600000000013e-01,1.767905200000000066e-01
2.345447499999999963e-01,9.356891999999999987e-02,8.917277999999999316e-02
3.350370599999999977e-01,2.813734999999999986e-01,1.822309000000000012e-01
3.394408199999999765e-01,2.585667999999999855e-01,1.852368899999999874e-01
2.679049099999999961e-01,2.166505699999999868e-01,2.069651399999999919e-01
2.554911400000000055e-01,4.640029999999999849e-02,4.197332000000000146e-02
3.265793200000000063e-01,2.674176200000000225e-01,2.017942699999999978e-01
2.849496699999999882e-01,1.198276999999999953e-01,1.106376099999999973e-01
3.135036500000000226e-01,3.055699100000000001e-01,1.797862699999999980e-01
3.050313900000000134e-01,2.708593499999999987e-01,2.195013199999999998e-01
3.062073200000000051e-01,2.887810399999999889e-01,1.985606000000000038e-01
2.519385800000000231e-01,1.606568700000000072e-01,1.521237000000000006e-01
3.390647999999999995e-01,1.996878400000000053e-01,1.337406800000000007e-01
2.774254800000000021e-01,2.749708799999999731e-01,2.138321400000000039e-01
2.004657400000000034e-01,6.249659999999999938e-02,5.983593000000000245e-02
3.385982200000000053e-01,1.492307400000000006e-01,1.036521900000000052e-01
9.364791999999999561e-02,9.092078000000000659e-02,7.754117000000000648e-02
2.980691999999999786e-01,2.609320800000000107e-01,2.436657799999999985e-01
3.273412700000000175e-01,2.988592700000000102e-01,2.182902800000000032e-01
3.146129599999999971e-01,2.832161000000000262e-01,2.297695999999999905e-01
2.910015699999999872e-01,2.467234000000000094e-01,2.292024000000000006e-01
2.011470099999999872e-01,1.994121500000000102e-01,1.003510900000000039e-01
1.701081799999999977e-01,1.584788199999999925e-01,8.302057000000000186e-02
2.937169099999999977e-01,2.820519200000000115e-01,1.805234500000000020e-01
2.614726399999999784e-01,1.939475300000000069e-01,1.188600600000000035e-01
3.147230100000000252e-01,3.120900699999999972e-01,1.568217199999999978e-01
3.167604700000000162e-01,2.868346800000000085e-01,2.117147600000000018e-01
3.244702099999999811e-01,3.147723399999999838e-01,1.830480300000000005e-01
3.110390599999999783e-01,2.920980200000000138e-01,1.982230100000000050e-01
3.283321799999999735e-01,3.020299900000000259e-01,2.135541999999999996e-01
2.078341099999999886e-01,1.823570000000000052e-02,1.774515000000000120e-02
2.532755300000000265e-01,2.389352100000000090e-01,1.230044299999999979e-01
2.976005500000000192e-01,1.955275000000000069e-02,1.949464999999999879e-02
3.080513400000000068e-01,2.867562300000000008e-01,2.240360100000000076e-01
2.363084599999999980e-01,1.948240900000000053e-01,1.942076600000000042e-01
3.055121100000000034e-01,1.381637300000000124e-01,9.516444000000000292e-02
3.384784900000000207e-01,9.484674999999999356e-02,7.456282999999999661e-02
3.395327399999999995e-01,5.558968000000000242e-02,4.890719000000000316e-02
3.031818399999999802e-01,2.729779099999999903e-01,2.439131900000000019e-01
2.657679299999999856e-01,7.440405999999999409e-02,6.821713000000000082e-02
1.396693900000000044e-01,4.256845000000000073e-02,3.731728000000000128e-02
2.911177999999999821e-01,2.439191300000000118e-01,1.860093200000000058e-01
3.284166499999999767e-01,2.301145500000000010e-01,2.263421300000000025e-01
3.197147900000000265e-01,2.855806499999999915e-01,2.116043599999999913e-01
6.820790000000000186e-02,6.523191999999999879e-02,6.186276999999999748e-02
3.266203400000000090e-01,2.234563499999999980e-01,1.475091099999999988e-01
2.873726899999999862e-01,2.671465599999999774e-01,2.135411100000000062e-01
1.112704000000000054e-01,9.561609999999999901e-03,8.841389999999999319e-03
3.221185699999999930e-01,2.822786999999999935e-01,2.821400900000000100e-01
3.338672400000000096e-01,2.741887599999999758e-01,2.552740199999999904e-01
1.895219300000000051e-01,1.853744200000000120e-01,1.275560000000000027e-01
3.079581900000000205e-01,2.893309800000000154e-01,2.538444899999999782e-01
2.731806099999999904e-01,2.429267099999999902e-01,2.208534299999999895e-01
2.373786800000000086e-01,1.274039999999999938e-03,1.267249999999999930e-03
1.817818900000000015e-01,1.229024600000000050e-01,1.196308400000000022e-01
3.374997499999999873e-01,3.243080000000000181e-03,3.213979999999999962e-03
2.699120000000000165e-03,1.679740000000000096e-03,1.040260000000000100e-03
2.291698100000000016e-01,2.156414500000000123e-01,2.151811899999999944e-01
3.315210399999999891e-01,2.965099500000000221e-01,2.315612900000000030e-01
2.958257699999999879e-01,2.925916299999999914e-01,2.025793700000000086e-01
2.614455900000000055e-01,1.601922299999999910e-01,9.933435999999999655e-02
2.873279799999999828e-01,2.647910700000000173e-01,2.142429799999999995e-01
3.314030099999999979e-01,3.027163099999999885e-01,1.757925700000000091e-01
3.059589999999999810e-01,4.925091000000000191e-02,4.680045000000000038e-02
1.699541300000000088e-01,1.218179999999999914e-03,1.216410000000000017e-03
1.261962100000000031e-01,1.201061100000000020e-01,6.156426000000000259e-02
2.977996500000000268e-01,2.235464000000000062e-01,2.230930000000000135e-01
3.171797000000000089e-01,2.418051200000000123e-01,1.897998200000000080e-01
2.745653699999999753e-01,1.079110499999999945e-01,7.757384000000000501e-02
3.365074200000000015e-01,2.594884999999999900e-02,2.512520000000000031e-02
3.280706800000000034e-01,3.066219600000000267e-01,2.544592199999999860e-01
3.155256799999999751e-01,2.646172299999999811e-01,1.973612499999999881e-01
7.007794999999999996e-02,3.014010000000000127e-03,2.890310000000000101e-03
3.069209900000000046e-01,2.983991100000000229e-01,1.748621499999999940e-01
2.774752600000000013e-01,2.742180499999999910e-01,1.583382600000000084e-01
3.164627700000000043e-01,1.367682899999999868e-01,1.305081100000000105e-01
2.848193800000000109e-01,2.115899999999999986e-03,2.109429999999999812e-03
3.094298899999999852e-01,2.677015200000000261e-01,2.651418099999999778e-01
2.754978000000000149e-01,2.630186099999999860e-01,2.595195599999999825e-01
1.668412099999999898e-01,8.454422999999999799e-02,7.944225000000000592e-02
3.356846399999999786e-01,2.641668999999999823e-01,1.622073199999999882e-01
9.304157999999999873e-02,8.605606000000000366e-02,4.478196999999999733e-02
3.088805399999999812e-01,3.038684099999999777e-01,2.278099399999999886e-01
2.022364399999999895e-01,1.031513899999999956e-01,6.834945000000000603e-02
7.481161999999999535e-02,2.938773999999999900e-02,2.134783999999999987e-02
2.957740999999999842e-01,2.500504399999999849e-01,2.281389199999999950e-01
3.391525499999999971e-01,2.561990199999999995e-01,1.460547000000000095e-01
3.151671099999999726e-01,1.734605600000000136e-01,1.153044599999999975e-01
3.321699499999999916e-01,2.732878499999999988e-01,2.110512200000000116e-01
3.100674600000000170e-01,1.854821500000000123e-01,1.378485799999999983e-01
1.195815699999999981e-01,1.975230000000000128e-03,1.948670000000000003e-03
2.589858600000000122e-01,1.446497000000000061e-02,1.371690000000000062e-02
3.147839399999999843e-01,2.633968300000000262e-01,1.884977200000000075e-01
3.183825800000000261e-01,2.263139999999999857e-03,2.259029999999999979e-03
2.723905799999999933e-01,2.048704899999999884e-01,1.988186299999999962e-01
3.397478199999999782e-01,1.252066099999999960e-01,9.216649999999999843e-02
3.012319600000000208e-01,7.933168999999999638e-02,6.287579999999999558e-02
2.711596800000000140e-01,2.678180800000000139e-01,1.948424400000000056e-01
2.303905699999999890e-01,1.341462900000000014e-01,8.747186999999999324e-02
3.371996800000000016e-01,2.859222900000000234e-01,1.663036499999999973e-01
1.585843500000000128e-01,1.251927000000000074e-02,1.171968999999999962e-02
3.385233799999999849e-01,1.996182800000000090e-01,1.538310699999999864e-01
1.874779900000000110e-01,4.184824999999999656e-02,3.422378999999999699e-02
2.572922000000000056e-02,2.830650000000000093e-03,2.582829999999999935e-03
2.834485299999999763e-01,2.049397000000000024e-01,2.005231299999999939e-01
3.202597400000000150e-01,2.625366100000000036e-01,1.915378899999999884e-01
3.374701099999999898e-01,1.612094799999999883e-01,1.590459399999999968e-01
3.067295400000000227e-01,2.947066500000000144e-01,1.896296600000000054e-01
2.946077599999999963e-01,2.801017299999999932e-01,2.132768899999999967e-01
1.618276800000000015e-01,1.549734899999999915e-01,9.806148000000000642e-02
3.383782799999999757e-01,2.472899500000000084e-01,1.805089099999999946e-01
4.010297000000000167e-02,3.642971999999999877e-02,3.237841000000000330e-02
2.915389999999999926e-01,2.177007300000000090e-01,1.707843800000000134e-01
1.368786200000000064e-01,6.183654999999999707e-02,5.996695999999999971e-02
3.390189499999999856e-01,2.650756300000000065e-01,1.599690699999999910e-01
2.853190700000000080e-01,1.887355799999999861e-01,1.136005999999999960e-01
3.009890000000000065e-01,2.278588099999999950e-01,1.600250699999999915e-01
3.208939599999999781e-01,9.647348999999999508e-02,7.424128000000000671e-02
3.378458599999999978e-01,1.148934900000000009e-01,1.128701700000000058e-01
3.387582399999999883e-01,3.034551699999999963e-01,2.223498200000000036e-01
2.328497599999999890e-01,7.193750000000000144e-02,5.502573000000000186e-02
3.372950900000000196e-01,2.160796000000000106e-01,1.323189399999999960e-01
3.298387600000000086e-01,1.449142700000000117e-01,1.145051099999999933e-01
2.339352000000000098e-01,2.170599800000000135e-01,1.668141200000000102e-01
3.296413499999999996e-01,2.790202500000000252e-01,1.511870399999999948e-01
3.254068199999999855e-01,1.125251000000000029e-02,1.110087000000000053e-02
3.016871099999999806e-01,2.874346500000000137e-01,1.799431099999999895e-01
3.391122899999999829e-01,3.189336199999999732e-01,2.505429699999999760e-01
3.297026399999999913e-01,2.504117100000000096e-01,1.757401899999999906e-01
3.068746399999999763e-01,3.037695699999999888e-01,1.600127299999999919e-01
3.092512800000000173e-01,1.725634000000000057e-01,1.628491599999999928e-01
3.254975099999999899e-01,5.574417000000000261e-02,4.766718999999999817e-02
3.073499800000000226e-01,2.353641099999999875e-01,1.870435500000000029e-01
3.308415000000000106e-01,3.100464299999999840e-01,2.658083600000000213e-01
2.021786700000000048e-01,2.069309999999999986e-03,2.056399999999999895e-03
1.552271199999999962e-01,6.934260999999999897e-02,4.798481999999999748e-02
3.235358400000000190e-01,1.664548899999999942e-01,1.106866299999999942e-01
3.376234100000000127e-01,1.796106600000000053e-01,1.175413800000000009e-01
3.040557199999999738e-01,2.764975700000000258e-01,2.126414299999999924e-01
3.270351000000000230e-01,2.907171599999999745e-01,1.995659399999999972e-01
3.299257400000000229e-01,2.369343999999999895e-01,1.717675700000000083e-01
8.361129999999999604e-03,8.119539999999999744e-03,6.604050000000000198e-03
3.389454399999999867e-01,2.663662700000000161e-01,1.492098900000000117e-01
3.224282500000000273e-01,2.612005399999999811e-01,2.197888500000000078e-01
2.977503599999999917e-01,2.451243700000000081e-01,1.881188400000000094e-01
3.288849699999999987e-01,2.927162099999999767e-01,2.126481600000000027e-01
3.336015800000000087e-01,3.024122000000000199e-01,2.665434999999999888e-01
2.492504500000000123e-01,2.361746299999999965e-01,1.682728199999999896e-01
2.974215199999999948e-01,1.982235900000000051e-01,1.480415099999999873e-01
3.334040099999999729e-01,8.409097999999999573e-02,7.799314999999999720e-02
2.874897399999999936e-01,4.145986000000000116e-02,3.635214999999999974e-02
3.396598100000000064e-01,8.296339999999999271e-03,8.108310000000000517e-03
3.173939199999999961e-01,1.256885600000000047e-01,9.023689000000000016e-02
2.817441399999999763e-01,1.449730499999999922e-01,1.062607400000000063e-01
3.398124699999999776e-01,2.149589100000000030e-01,1.375482000000000093e-01
5.065394000000000146e-02,4.716457999999999762e-02,2.442352999999999885e-02
3.306801799999999902e-01,2.228084300000000018e-01,1.341402399999999939e-01
2.851754000000000233e-01,9.915153999999999634e-02,9.466368999999999478e-02
3.285831000000000168e-01,2.643944799999999873e-01,1.819676899999999875e-01
3.259343100000000049e-01,2.843651400000000162e-01,2.335675999999999863e-01
2.879963700000000015e-01,9.868949999999999598e-03,9.564539999999999847e-03
3.049069200000000257e-01,2.594584899999999861e-01,1.976374300000000028e-01
3.044725200000000243e-01,2.994746999999999826e-01,1.836982299999999901e-01
3.312559099999999868e-01,1.724397300000000133e-01,1.391552299999999909e-01
2.438836100000000007e-01,2.385620400000000030e-01,1.309563199999999872e-01
3.005809799999999976e-01,2.677464700000000142e-01,2.676730600000000182e-01
2.336303499999999866e-01,1.589394199999999979e-01,1.097262900000000041e-01
4.936944000000000055e-02,1.296039000000000045e-02,1.026590999999999962e-02
3.316301199999999727e-01,2.698959100000000166e-01,1.882867500000000027e-01
3.158352400000000171e-01,2.285612700000000108e-01,1.462943999999999911e-01
2.895557599999999954e-01,2.314598400000000000e-01,1.695567199999999941e-01
3.139394999999999825e-01,1.904438699999999873e-01,1.896547700000000003e-01
3.287809500000000162e-01,2.355609899999999979e-01,1.384608200000000122e-01
3.036145199999999988e-01,2.592906799999999956e-01,1.999052099999999998e-01
2.273712900000000037e-01,3.392979000000000134e-02,2.960604000000000013e-02
3.247554100000000221e-01,2.490879199999999905e-01,1.683254999999999890e-01
1.316511499999999946e-01,1.081726100000000024e-01,7.917169000000000290e-02
2.926117899999999827e-01,2.131592599999999893e-01,1.315375799999999873e-01
2.199442100000000011e-01,1.981899400000000089e-01,1.183928900000000006e-01
2.299865000000000104e-01,8.661379999999999774e-03,8.416430000000000786e-03
8.568240000000000578e-02,4.406878000000000184e-02,4.204919000000000018e-02
2.657370299999999852e-01,2.581180499999999878e-01,2.157588300000000126e-01
5.751565000000000150e-02,1.331659999999999918e-03,1.304169999999999895e-03
3.304230400000000012e-01,1.291315500000000116e-01,1.275946500000000039e-01
3.255603200000000141e-01,3.268560999999999689e-02,2.976855999999999947e-02
2.271244000000000041e-01,5.215527999999999831e-02,5.140354999999999924e-02
3.256284799999999979e-01,1.956423800000000046e-01,1.652824599999999922e-01
3.359330600000000056e-01,2.951895199999999830e-01,1.661772199999999866e-01
3.368813399999999736e-01,5.726864000000000260e-02,5.590463999999999850e-02
3.276579700000000206e-01,1.970362700000000133e-01,1.234763499999999986e-01
2.597744499999999901e-01,1.831135299999999966e-01,1.331770999999999927e-01
3.342919899999999833e-01,2.719614499999999935e-01,2.269656100000000121e-01
2.191219299999999925e-01,1.398169400000000007e-01,1.384112600000000082e-01
1.162861300000000014e-01,5.466620999999999980e-02,3.722154999999999908e-02
3.072200400000000275e-01,1.950231600000000010e-01,1.872269400000000084e-01
3.357642100000000074e-01,2.584071499999999744e-01,2.561501099999999864e-01
2.791432099999999750e-01,2.710866200000000004e-01,1.646154099999999898e-01
3.307567000000000146e-01,1.248500200000000060e-01,9.239210999999999951e-02
3.144158400000000020e-01,2.316879099999999969e-01,2.210558800000000101e-01
2.775582400000000116e-01,7.689509999999999401e-02,6.092112000000000221e-02
3.291783300000000190e-01,2.690475600000000189e-01,1.878188799999999936e-01
3.145303199999999744e-01,1.862830900000000123e-01,1.394037599999999877e-01
3.030432900000000207e-01,2.613616100000000220e-01,1.547723199999999910e-01
3.304293099999999761e-01,2.780837500000000184e-01,1.576100199999999896e-01
3.387185699999999966e-01,6.751706999999999848e-02,5.665856999999999838e-02
3.185163899999999826e-01,2.837564599999999881e-01,1.763202500000000117e-01
3.227519200000000255e-01,2.155339599999999967e-01,1.708564300000000036e-01
2.942147600000000196e-01,1.842982200000000126e-01,1.808215499999999976e-01
2.764412099999999928e-01,2.659833799999999915e-01,1.703461599999999965e-01
3.123905200000000049e-01,2.678976000000000135e-01,2.017748400000000109e-01
3.077133699999999861e-01,1.914500500000000105e-01,1.833158699999999919e-01
3.066646199999999989e-01,5.747664000000000245e-02,4.856168000000000290e-02
3.358684499999999851e-01,2.560866800000000110e-01,2.395476300000000114e-01
2.672223499999999974e-01,2.405785900000000088e-01,1.980081300000000044e-01
2.666528400000000021e-01,2.103115100000000071e-01,2.073528000000000038e-01
3.371617299999999928e-01,2.493717199999999912e-01,1.468475800000000053e-01
3.384090599999999838e-01,2.439310000000000089e-01,1.672558399999999890e-01
3.286136199999999952e-01,1.935786899999999977e-01,1.225925800000000065e-01
3.065104900000000243e-01,2.466627999999999876e-01,1.850033700000000003e-01
3.143403599999999853e-01,2.170254000000000072e-01,2.002663299999999924e-01
3.354429600000000122e-01,2.861189900000000175e-01,2.074761999999999995e-01
3.393025599999999753e-01,1.093777900000000025e-01,8.969728000000000423e-02
2.923999899999999985e-01,1.661168600000000051e-01,1.245779300000000034e-01
3.122306899999999774e-01,2.555785199999999757e-01,1.555005700000000046e-01
3.275907900000000206e-01,2.917322199999999865e-01,1.636342299999999916e-01
1.366761499999999963e-01,2.108598999999999890e-02,2.092725999999999961e-02
2.393038100000000057e-01,1.201442000000000065e-01,9.062312000000000145e-02
3.136919300000000077e-01,2.534110900000000055e-01,1.408178099999999877e-01
2.710242900000000010e-01,1.910147000000000095e-01,1.402073799999999926e-01
1.425912300000000132e-01,1.381136699999999939e-01,7.544399999999999717e-02
3.377913300000000008e-01,2.231258000000000130e-01,1.931864799999999938e-01
3.173493299999999850e-01,1.794471800000000117e-01,1.481317199999999945e-01
3.004847199999999829e-01,2.845411299999999755e-01,1.730178699999999903e-01
2.697225699999999948e-01,2.501346400000000192e-01,1.912413099999999977e-01
2.609350100000000228e-01,2.322810800000000009e-01,2.259570800000000046e-01
3.368095500000000131e-01,2.433335100000000029e-01,1.711950700000000047e-01
3.160264300000000248e-01,2.635558100000000015e-01,1.742131000000000096e-01
3.248959399999999942e-01,2.685567500000000107e-01,2.656085400000000041e-01
2.674699799999999961e-01,1.989314600000000044e-01,1.923128500000000074e-01
2.800012599999999741e-01,2.770158699999999974e-01,1.880188499999999874e-01
3.253347200000000217e-01,2.339799800000000041e-01,1.817015300000000000e-01
3.383245699999999911e-01,2.577779800000000177e-01,1.463047799999999954e-01
3.380648499999999723e-01,3.483209999999999779e-02,3.281168000000000279e-02
2.162214000000000080e-01,2.144985600000000048e-01,1.465646399999999960e-01
2.713330299999999751e-01,1.951126699999999881e-01,1.506386500000000128e-01
2.626031799999999916e-01,2.589541599999999888e-01,1.580697299999999916e-01
2.860347999999999780e-01,2.704245900000000202e-01,1.410136399999999957e-01
2.686107500000000092e-01,2.593838099999999924e-01,1.569485399999999975e-01
2.876925399999999966e-01,2.413916600000000079e-01,1.433986200000000044e-01
3.314416199999999924e-01,2.361089199999999999e-01,1.923137299999999883e-01
3.181578800000000040e-01,3.056988999999999956e-01,1.619560499999999903e-01
2.453298800000000002e-01,2.367630900000000094e-01,2.080799899999999925e-01
2.938470200000000143e-01,8.908262999999999598e-02,8.829649000000000525e-02
3.272797100000000015e-01,2.520379200000000264e-01,2.363716800000000007e-01
2.702513400000000066e-01,2.649851500000000026e-01,2.467849799999999871e-01
3.258458699999999819e-01,1.526139800000000102e-01,1.498659300000000083e-01
2.947442399999999907e-01,2.693887799999999944e-01,1.977570899999999965e-01
3.347083000000000141e-01,2.660763500000000170e-01,1.837365400000000037e-01
3.295850200000000063e-01,2.316332100000000060e-01,1.497263699999999975e-01
2.820445300000000155e-01,2.018674000000000024e-01,1.974895999999999874e-01
2.742176800000000192e-01,2.671782100000000271e-01,2.346502599999999994e-01
2.806018599999999807e-01,1.348298699999999906e-01,9.107157000000000446e-02
3.323783100000000101e-01,1.977467599999999937e-01,1.740957200000000094e-01
3.143280900000000044e-01,1.474552199999999980e-01,1.229834399999999994e-01
1.064749499999999988e-01,1.037058700000000055e-01,5.826850000000000085e-02
3.321028200000000208e-01,2.452301199999999959e-01,1.441178200000000076e-01
3.374152499999999999e-01,2.576779399999999942e-01,2.511763699999999822e-01
3.007318399999999725e-01,2.907506799999999836e-01,2.065127900000000016e-01
3.195283600000000113e-01,6.882575000000000498e-02,5.662832999999999756e-02
3.382391299999999990e-01,1.704512400000000039e-01,1.155485200000000018e-01
2.999091799999999974e-01,2.422248899999999983e-01,1.790300200000000119e-01
3.106996699999999834e-01,1.852769499999999958e-01,1.367026399999999864e-01
3.270743700000000032e-01,2.560484299999999935e-01,2.190617099999999928e-01
3.082472299999999832e-01,2.839935100000000046e-01,1.795423600000000119e-01
3.256516500000000147e-01,1.124594700000000058e-01,8.367091999999999585e-02
2.601819000000000215e-01,2.328520699999999943e-01,2.223154499999999978e-01
3.196400899999999878e-01,2.115517100000000039e-01,1.607268799999999886e-01
2.969463800000000098e-01,2.674707900000000138e-01,1.929606700000000008e-01
3.243451800000000107e-01,2.053822999999999899e-01,1.907015400000000027e-01
2.850283000000000122e-01,4.402050999999999881e-02,4.275637000000000187e-02
3.396280700000000041e-01,1.772215500000000055e-01,1.467470100000000111e-01
3.020153700000000052e-01,1.812030400000000097e-01,1.231149899999999936e-01
2.894349999999999978e-01,1.444172699999999865e-01,1.409658699999999931e-01
2.289475099999999930e-01,2.201604199999999956e-01,1.910007599999999917e-01
2.564186299999999807e-01,2.519904700000000219e-01,1.356886700000000112e-01
2.897614199999999918e-01,2.100495500000000015e-01,1.504016999999999993e-01
3.227203699999999786e-01,1.915993099999999949e-01,1.202470199999999961e-01
3.332922500000000121e-01,2.103629200000000088e-01,1.428398200000000062e-01
2.726534899999999983e-01,2.076186499999999879e-01,1.670565699999999876e-01
2.845749100000000142e-01,1.702836299999999914e-01,1.557351700000000061e-01
3.278492900000000154e-01,1.885238800000000048e-01,1.616669400000000090e-01
3.310351699999999897e-01,2.391908699999999999e-01,1.429146299999999870e-01
3.323125000000000107e-01,2.666123400000000032e-01,1.735757800000000128e-01
3.156972399999999901e-01,1.256543099999999913e-01,1.162117399999999939e-01
3.361570600000000075e-01,2.408385399999999898e-01,2.287616199999999989e-01
2.431436800000000009e-01,2.212446499999999872e-01,1.929710799999999893e-01
3.239927799999999802e-01,1.074494000000000005e-01,9.103129000000000082e-02
2.995766100000000209e-01,2.546434699999999829e-01,1.598069599999999979e-01
2.870155999999999819e-01,2.794425200000000276e-01,1.500996599999999959e-01
3.386049199999999759e-01,4.709461000000000203e-02,4.202700999999999659e-02
2.983676599999999790e-01,1.410324599999999984e-01,1.347156399999999976e-01
1.995518699999999923e-01,4.159960000000000047e-02,4.015085000000000182e-02
2.718886099999999750e-01,2.450007299999999999e-01,1.922126600000000074e-01
3.151420799999999911e-01,2.971342100000000097e-01,1.603920100000000015e-01
3.103881299999999843e-01,2.826573399999999792e-01,1.719310799999999861e-01
2.887554399999999744e-01,2.680480000000000085e-01,1.781517099999999909e-01
2.861994900000000008e-01,2.228618400000000055e-01,1.408285900000000035e-01
3.351826900000000053e-01,2.632172600000000084e-01,1.786867000000000039e-01
2.393720300000000134e-01,2.042803599999999942e-01,1.606612199999999935e-01
2.569135799999999747e-01,1.703268000000000004e-01,1.299994800000000006e-01
3.255159599999999931e-01,8.305418999999999996e-02,6.621612999999999805e-02
2.782943900000000026e-01,1.312528500000000042e-01,1.285381600000000124e-01
1.958065099999999892e-01,1.822022600000000048e-01,1.030305400000000038e-01
3.037022699999999964e-01,2.319319699999999873e-01,1.782059300000000124e-01
3.257971000000000061e-01,3.842117999999999922e-02,3.800458000000000308e-02
2.660819400000000168e-01,2.416873400000000005e-01,2.111814200000000086e-01
2.895942699999999870e-01,1.776589600000000047e-01,1.693634199999999868e-01
3.032074100000000105e-01,3.016430600000000184e-01,1.836353099999999960e-01
3.271356799999999843e-01,2.890353099999999897e-01,1.535785699999999976e-01
3.330724199999999802e-01,2.328070100000000087e-01,1.845292699999999952e-01
3.067100799999999960e-01,2.373086899999999888e-01,1.655018500000000059e-01
2.564578000000000135e-01,1.887609199999999987e-01,1.481724299999999939e-01
2.516684100000000091e-01,1.766378899999999919e-01,1.727755900000000067e-01
2.962210399999999910e-01,2.135451200000000049e-01,1.959377999999999953e-01
3.045869399999999727e-01,3.026249699999999931e-01,1.657371499999999997e-01
3.112562999999999858e-01,2.889241499999999907e-01,2.707552500000000029e-01
2.816333699999999940e-01,2.193388199999999899e-01,1.292931599999999903e-01
2.824283599999999894e-01,2.794675999999999827e-01,1.565214099999999997e-01
2.321246600000000104e-01,2.256513300000000111e-01,2.219394000000000089e-01
3.326122000000000245e-01,2.181695399999999951e-01,1.364904299999999959e-01
3.041878100000000029e-01,2.982581200000000154e-01,1.653818800000000089e-01
2.752456600000000031e-01,1.630601999999999885e-01,1.570081899999999919e-01
3.319241399999999786e-01,2.834630000000000205e-01,2.666734299999999891e-01
3.155011899999999869e-01,1.390243899999999977e-01,1.172323200000000010e-01
2.970730799999999894e-01,2.855319700000000238e-01,1.720505999999999980e-01
3.023814100000000171e-01,2.732646599999999926e-01,1.530595100000000097e-01
2.971665099999999948e-01,2.373462299999999914e-01,1.322356000000000087e-01
3.290378800000000048e-01,1.941580199999999867e-01,1.534838599999999997e-01
2.033707600000000115e-01,1.244075099999999989e-01,9.137678999999999940e-02
2.905562600000000106e-01,2.669631199999999982e-01,1.743709699999999863e-01
3.277933900000000178e-01,2.139124000000000025e-01,1.950059700000000007e-01
3.203184600000000271e-01,2.150815299999999930e-01,1.724832199999999927e-01
3.262942099999999734e-01,1.844181300000000134e-01,1.183783000000000057e-01
3.177391900000000047e-01,2.848490599999999873e-01,2.571687300000000120e-01
2.238772199999999879e-01,2.219469599999999987e-01,1.975661499999999959e-01
3.373432299999999939e-01,2.011439700000000053e-01,1.481918899999999928e-01
3.114250800000000208e-01,1.852479800000000065e-01,1.372773499999999924e-01
3.262107599999999885e-01,1.568168500000000076e-01,1.308400799999999975e-01
2.942546699999999960e-01,2.762256499999999892e-01,2.026059400000000121e-01
2.810602500000000115e-01,2.580465000000000120e-01,2.430011199999999871e-01
2.750290899999999761e-01,2.580978600000000123e-01,1.626259600000000138e-01
3.267007000000000105e-01,2.712237599999999804e-01,1.489103099999999902e-01
3.123643799999999970e-01,9.000239999999999629e-03,8.831530000000000630e-03
3.199972899999999898e-01,2.893768600000000135e-01,1.669854799999999917e-01
2.467589000000000032e-01,1.604927300000000001e-01,1.280603399999999947e-01
3.078960399999999820e-01,2.758061900000000066e-01,1.717665899999999968e-01
2.602883200000000175e-01,2.321386199999999900e-01,1.755447099999999927e-01
2.403927999999999898e-01,1.994928699999999888e-01,1.628878400000000060e-01
3.111255600000000232e-01,2.756420299999999823e-01,1.800120699999999963e-01
2.773895900000000192e-01,2.436845300000000103e-01,2.009134999999999949e-01
3.298057899999999876e-01,2.457521300000000131e-01,1.871334400000000120e-01
3.389619899999999908e-01,1.507469100000000117e-01,1.258786699999999981e-01
3.132208400000000004e-01,8.491964000000000456e-02,8.315765999999999436e-02
3.392243799999999920e-01,2.200780699999999868e-01,1.835553500000000060e-01
3.131146499999999944e-01,2.352343799999999929e-01,2.177884999999999960e-01
3.022109800000000179e-01,2.214806500000000011e-01,1.838226299999999869e-01
3.251292599999999755e-01,1.185647999999999980e-01,9.057618000000000613e-02
3.090574799999999955e-01,2.620628700000000033e-01,2.272761799999999943e-01
3.212591000000000196e-01,2.505730299999999744e-01,1.428370300000000037e-01
3.027938199999999913e-01,2.291634200000000066e-01,1.497246999999999884e-01
2.992001000000000244e-01,2.079444699999999924e-01,1.772352500000000108e-01
2.985432100000000033e-01,2.682364899999999941e-01,2.017180699999999993e-01
3.236557400000000251e-01,1.359830399999999995e-01,9.750805999999999363e-02
2.606371000000000104e-01,1.909966300000000006e-01,1.457918599999999953e-01
2.920071699999999826e-01,1.849695500000000103e-01,1.164774100000000034e-01
1.851994799999999997e-01,9.015020000000000325e-03,8.926069999999999491e-03
3.310671800000000164e-01,2.327119400000000060e-01,1.426227100000000136e-01
3.268128900000000225e-01,2.880172799999999866e-01,1.575655099999999920e-01
3.292828899999999948e-01,1.920881000000000116e-01,1.664052900000000113e-01
3.020390299999999861e-01,2.939020999999999995e-01,1.513726099999999908e-01
3.352297799999999772e-01,2.739555100000000132e-01,1.522694400000000059e-01
2.518116699999999875e-01,2.289935800000000021e-01,1.440358399999999983e-01
3.345132699999999737e-01,2.350090699999999866e-01,1.525356499999999949e-01
1.956100799999999917e-01,1.820246399999999876e-01,1.650574900000000012e-01
3.398859200000000080e-01,5.866844000000000225e-02,5.005786000000000263e-02
2.412772599999999934e-01,2.324263500000000038e-01,1.193848799999999988e-01
3.242250099999999802e-01,2.687844600000000028e-01,2.670532899999999987e-01
2.837990499999999972e-01,2.705864099999999994e-01,1.385177700000000123e-01
8.554477000000000608e-02,1.080910000000000031e-03,1.073090000000000068e-03
2.267715800000000004e-01,2.095615700000000026e-01,1.137265199999999976e-01
3.069877699999999932e-01,3.039720699999999831e-01,2.749983999999999762e-01
2.889632400000000101e-01,2.066305300000000067e-01,1.407188299999999892e-01
2.714679899999999924e-01,2.356817200000000112e-01,2.058925600000000022e-01
3.179055800000000209e-01,2.181913600000000009e-01,1.296244099999999955e-01
2.370586000000000082e-01,2.238547899999999979e-01,1.611669099999999966e-01
3.058310599999999879e-01,1.597972900000000085e-01,1.351761700000000122e-01
2.739865300000000059e-01,6.693195999999999868e-02,5.411976000000000286e-02
2.680605799999999928e-01,2.565217200000000086e-01,1.629097800000000040e-01
3.220236300000000051e-01,2.423108800000000063e-01,1.638172200000000134e-01
2.954006800000000266e-01,1.476911399999999985e-01,9.991751999999999578e-02
2.173189899999999897e-01,1.743141300000000116e-01,1.704214300000000126e-01
2.920956399999999897e-01,1.864543200000000067e-01,1.439192300000000091e-01
2.863619000000000026e-01,2.494263999999999926e-01,1.856688499999999964e-01
3.317289700000000119e-01,2.073728699999999869e-01,1.347741600000000040e-01
2.544631600000000216e-01,1.902066799999999891e-01,1.712736400000000048e-01
2.709423200000000143e-01,2.169091900000000017e-01,1.858358599999999916e-01
1.938523000000000052e-01,7.253679999999999850e-02,5.301282000000000216e-02
3.282611400000000068e-01,2.482066500000000009e-01,1.533784800000000115e-01
2.036652399999999974e-01,1.984680400000000122e-01,1.363179800000000053e-01
3.342329399999999784e-01,2.636446199999999962e-01,1.764853399999999906e-01
3.035704399999999969e-01,1.870249099999999887e-01,1.157275200000000004e-01
3.214202600000000132e-01,1.298380299999999932e-01,1.251416999999999946e-01
2.692462500000000203e-01,2.564244600000000207e-01,1.774786299999999983e-01
2.440351500000000062e-01,2.142131499999999911e-01,1.582234200000000035e-01
2.992517299999999936e-01,1.679202999999999946e-01,1.280448100000000089e-01
1.059401499999999968e-01,1.000100599999999978e-01,9.656191999999999553e-02
3.081184900000000226e-01,2.175849499999999992e-01,1.631176099999999962e-01
3.090776700000000266e-01,2.686201200000000178e-01,1.596865199999999985e-01
3.152634300000000112e-01,1.424256200000000028e-01,1.066834700000000025e-01
3.129749000000000003e-01,2.851098899999999770e-01,1.496344900000000089e-01
2.382762200000000108e-01,2.037003900000000089e-01,2.021423499999999984e-01
2.814393800000000168e-01,2.525131999999999932e-01,2.270464199999999988e-01
2.580104899999999812e-01,1.993760900000000058e-01,1.145607899999999957e-01
3.210563799999999746e-01,2.427792799999999862e-01,2.105794199999999894e-01
2.998843700000000112e-01,2.526679199999999903e-01,1.435637700000000072e-01
2.961254099999999778e-01,2.399533699999999992e-01,2.006947199999999931e-01
3.172937599999999803e-01,2.356378399999999873e-01,1.892437499999999884e-01
3.270905100000000010e-01,2.908416600000000019e-01,2.599393300000000240e-01
2.704348500000000044e-01,2.025758900000000085e-01,1.871309999999999918e-01
2.912714699999999768e-01,1.894290299999999982e-01,1.433450300000000122e-01
2.981377199999999950e-01,2.446543399999999979e-01,1.379995400000000039e-01
2.652432299999999965e-01,2.433758299999999875e-01,1.486577799999999894e-01
2.035752500000000131e-01,1.471468300000000062e-01,1.453778799999999871e-01
2.898938099999999740e-01,2.531535599999999997e-01,1.761959899999999968e-01
3.108032800000000151e-01,2.537738800000000072e-01,1.403951099999999896e-01
2.663240499999999789e-01,1.964891099999999946e-01,1.616733200000000092e-01
2.451685999999999865e-01,2.280238300000000107e-01,2.109847599999999934e-01
3.190570200000000245e-01,2.569282299999999797e-01,1.424062700000000015e-01
2.796973200000000270e-01,2.077900599999999987e-01,1.898440499999999864e-01
3.349776500000000157e-01,1.486734899999999915e-01,1.454239400000000015e-01
1.372121599999999997e-01,8.764755999999999936e-02,5.349191999999999836e-02
3.233571399999999874e-01,2.265607900000000119e-01,1.364056600000000119e-01
3.121026599999999762e-01,1.068068400000000001e-01,9.641104000000000340e-02
3.273898499999999823e-01,2.478462800000000021e-01,1.492156799999999894e-01
2.943121399999999999e-01,1.958775700000000008e-01,1.895319699999999941e-01
2.771649299999999760e-01,1.999496600000000013e-01,1.539611300000000016e-01
3.299591599999999736e-01,1.926943000000000128e-01,1.232850499999999933e-01
3.225371699999999842e-01,2.930248799999999876e-01,2.615207900000000030e-01
3.376929499999999917e-01,2.253839599999999943e-01,1.411099199999999998e-01
2.454991499999999993e-01,1.409567800000000037e-01,9.830993999999999844e-02
2.732982600000000151e-01,2.014728100000000022e-01,1.777865700000000049e-01
3.394842200000000032e-01,2.544592600000000204e-01,1.748672300000000124e-01
3.025084299999999948e-01,2.968514800000000009e-01,1.498645000000000116e-01
3.318586299999999878e-01,2.219186800000000070e-01,1.936769200000000024e-01
3.307069899999999785e-01,1.992325799999999925e-01,1.265482500000000010e-01
2.301626099999999897e-01,1.770723600000000120e-01,1.223743399999999981e-01
2.637855000000000061e-01,2.303259599999999963e-01,1.824683199999999894e-01
2.960579199999999744e-01,1.134783800000000037e-01,1.071017199999999975e-01
2.975259800000000232e-01,2.629417000000000004e-01,1.761115000000000042e-01
2.189421300000000126e-01,2.179409499999999944e-01,1.890095699999999879e-01
2.435967199999999888e-01,2.242411699999999897e-01,1.178112399999999976e-01
3.395983000000000196e-01,1.902376400000000134e-01,1.503723999999999894e-01
2.787899899999999875e-01,1.828688199999999875e-01,1.385084099999999985e-01
3.388948500000000252e-01,1.693275300000000039e-01,1.327316600000000013e-01
3.113020400000000021e-01,2.400989600000000002e-01,2.159052899999999997e-01
2.831906299999999987e-01,1.635039500000000090e-01,1.191789099999999990e-01
3.230529699999999949e-01,2.185945499999999986e-01,1.946736099999999969e-01
2.729840299999999886e-01,2.568671699999999780e-01,1.325755200000000023e-01
5.910184999999999744e-02,5.387807000000000013e-02,4.264783999999999936e-02
3.074981800000000098e-01,1.773483600000000104e-01,1.650398100000000090e-01
2.900757999999999948e-01,2.567846300000000137e-01,1.458224100000000134e-01
3.276124899999999784e-01,2.527855399999999753e-01,1.639197000000000015e-01
2.596845600000000087e-01,2.274225900000000078e-01,1.734850300000000123e-01
1.840981700000000054e-01,1.818522399999999983e-01,9.158030000000000337e-02
3.241616500000000234e-01,2.557751300000000172e-01,1.436479599999999912e-01
2.332035799999999937e-01,9.536163000000000278e-02,6.970792000000000654e-02
2.669391899999999929e-01,2.519704300000000230e-01,1.590169999999999917e-01
1.702910900000000061e-01,1.092212500000000058e-01,6.654448999999999781e-02
2.941676400000000080e-01,2.305389599999999872e-01,1.379166900000000084e-01
3.157751100000000255e-01,9.674568999999999530e-02,7.441327000000000358e-02
1.464890199999999976e-01,1.314148699999999892e-01,1.275655300000000103e-01
3.379814600000000113e-01,9.393877000000000477e-02,8.047816000000000691e-02
2.632050499999999960e-01,9.449807000000000345e-02,9.028822000000000236e-02
3.325632800000000167e-01,1.337522700000000064e-01,1.024767199999999934e-01
2.717049500000000006e-01,2.043115000000000070e-01,1.195328600000000047e-01
2.753200800000000226e-01,1.413682199999999889e-01,9.360902999999999585e-02
2.544308900000000206e-01,1.114147800000000049e-01,1.113540300000000066e-01
2.986160800000000060e-01,2.052817799999999970e-01,1.514329199999999986e-01
3.215977999999999892e-01,1.523603900000000122e-01,1.199785700000000066e-01
2.421520000000000061e-01,2.301615999999999940e-01,1.613925099999999890e-01
3.096689599999999931e-01,1.855429100000000053e-01,1.316089500000000023e-01
2.904318000000000177e-01,2.010181099999999998e-01,1.700950200000000134e-01
2.839413100000000023e-01,2.267856600000000000e-01,1.269573599999999913e-01
2.852031600000000111e-01,1.363022100000000070e-01,1.350380100000000139e-01
3.125085899999999750e-01,2.846869999999999956e-02,2.730747000000000035e-02
3.320553700000000164e-01,8.548608000000000595e-02,8.204567999999999584e-02
3.085495699999999952e-01,1.730002300000000048e-01,1.445462100000000083e-01
2.956630399999999881e-01,1.931665300000000030e-01,1.575273199999999985e-01
3.004182300000000083e-01,1.429723099999999913e-01,1.102114700000000058e-01
2.463757000000000030e-01,1.652975100000000086e-01,1.360167999999999933e-01
2.367683399999999938e-01,1.709063100000000057e-01,1.653993599999999953e-01
2.203744300000000100e-01,2.088841200000000065e-01,1.694577399999999956e-01
3.330216500000000024e-01,2.372650400000000104e-01,1.411852700000000016e-01
2.950047100000000033e-01,1.771640600000000121e-01,1.194020400000000010e-01
2.467530900000000083e-01,2.224240399999999895e-01,1.397876000000000118e-01
2.754211799999999877e-01,1.553918099999999913e-01,1.512212800000000135e-01
2.807917100000000277e-01,2.689967999999999804e-01,1.472329300000000118e-01
2.762970599999999832e-01,2.198522800000000110e-01,1.934699699999999911e-01
3.197821399999999925e-01,2.853795700000000268e-01,1.572734199999999971e-01
1.656711100000000103e-01,1.602397200000000022e-01,1.599645399999999884e-01
2.132323600000000097e-01,2.035570700000000066e-01,1.448514700000000099e-01
3.238748499999999919e-01,1.202874699999999936e-01,9.035537000000000429e-02
2.816971500000000073e-01,1.870820199999999878e-01,1.784202000000000010e-01
2.314506699999999972e-01,2.085212399999999966e-01,1.793614699999999951e-01
2.992957099999999926e-01,2.833573699999999973e-01,1.527387199999999945e-01
3.278783299999999956e-01,1.777590300000000123e-01,1.470358999999999972e-01
2.312927800000000034e-01,2.182613999999999943e-01,1.285241599999999984e-01
3.049660100000000096e-01,2.025621300000000069e-01,1.502243799999999907e-01
2.945535499999999973e-01,1.799252000000000073e-01,1.213829399999999947e-01
1.007338400000000050e-01,7.177891000000000132e-02,5.501069000000000098e-02
3.365765900000000088e-01,1.762918000000000124e-02,1.675261000000000111e-02
2.741825800000000091e-01,2.270656500000000078e-01,1.676739999999999897e-01
3.370870200000000150e-01,1.637594599999999956e-01,1.102773900000000029e-01
2.392683800000000027e-01,1.676951100000000083e-01,1.624682699999999980e-01
2.556459099999999762e-01,1.825771900000000003e-01,1.343729600000000135e-01
3.071315000000000017e-01,2.674098999999999782e-01,1.465586899999999915e-01
3.171018400000000237e-01,3.067717500000000097e-01,1.577393800000000124e-01
2.835024999999999906e-01,2.695809699999999753e-01,1.624220399999999898e-01
2.206921400000000089e-01,1.289373600000000009e-01,1.189301799999999965e-01
3.224942000000000086e-01,7.087453999999999976e-02,5.813302000000000053e-02
2.700327900000000225e-01,2.059143400000000013e-01,1.808404399999999912e-01
2.307095100000000065e-01,1.283598300000000081e-01,8.264483000000000246e-02
3.274851899999999816e-01,2.318725100000000039e-01,1.555323500000000136e-01
2.582164800000000260e-01,2.444249699999999914e-01,1.702821300000000038e-01
2.457437500000000108e-01,1.840639900000000106e-01,1.286892099999999983e-01
2.416508199999999884e-01,2.081012200000000034e-01,1.965351100000000129e-01
2.477592799999999984e-01,1.452503400000000056e-01,1.093219099999999944e-01
2.490050699999999950e-01,2.429538199999999870e-01,1.438112000000000001e-01
2.916989899999999913e-01,2.433148699999999887e-01,1.685444600000000070e-01
1.733676299999999948e-01,1.535585299999999986e-01,1.217826399999999976e-01
2.526252900000000023e-01,1.944496500000000017e-01,1.607713500000000073e-01
3.231476699999999980e-01,1.934116700000000078e-01,1.849434199999999973e-01
3.015273700000000168e-01,1.469454699999999947e-01,1.066537000000000041e-01
3.140331299999999937e-01,2.613744599999999751e-01,1.817044800000000015e-01
3.251060000000000061e-01,2.428752200000000028e-01,1.398235100000000120e-01
2.176621800000000106e-01,1.653815499999999883e-01,1.419301400000000102e-01
2.974667899999999809e-01,2.236583500000000058e-01,2.044960299999999953e-01
2.012127099999999891e-01,9.287686000000000552e-02,9.084493999999999903e-02
2.827007400000000059e-01,2.715429899999999841e-01,1.617995100000000075e-01
2.455892000000000075e-01,2.198143499999999917e-01,1.504250599999999993e-01
3.156809099999999813e-01,1.730272999999999881e-02,1.689509999999999970e-02
2.615197899999999742e-01,2.335618999999999890e-01,1.297078999999999871e-01
3.054690600000000145e-01,1.885987299999999922e-01,1.228688700000000050e-01
1.946467899999999862e-01,1.499020000000000075e-01,9.858385999999999538e-02
3.362645499999999954e-01,2.876700200000000263e-01,1.577483600000000041e-01
3.358237499999999764e-01,3.631762999999999658e-02,3.280646999999999730e-02
3.092254600000000075e-01,2.070650400000000058e-01,1.256109400000000043e-01
3.190175299999999936e-01,1.917476499999999917e-01,1.766015200000000118e-01
3.222186300000000059e-01,1.498571499999999945e-01,1.159596900000000042e-01
3.013496800000000087e-01,2.513372600000000068e-01,1.628449499999999883e-01
3.264250499999999944e-01,2.095103899999999908e-01,1.796813399999999949e-01
2.846776200000000201e-01,1.427220100000000103e-01,1.318590600000000002e-01
2.663615100000000235e-01,1.843548000000000131e-01,1.299103400000000130e-01
2.900031100000000084e-01,2.804090599999999878e-01,1.425691199999999936e-01
3.173271599999999970e-01,1.918015999999999888e-01,1.196506700000000006e-01
3.034103200000000111e-01,2.915085600000000277e-01,1.694240899999999994e-01
3.177145800000000242e-01,2.623420599999999880e-01,1.546689800000000115e-01
3.186862899999999832e-01,1.563784000000000007e-01,1.533853199999999917e-01
3.185883999999999938e-01,1.317974199999999985e-01,9.345109000000000055e-02
3.156100399999999806e-01,1.817463099999999943e-01,1.431386799999999904e-01
3.397197200000000028e-01,1.678089000000000108e-01,1.281805500000000042e-01
3.305295200000000211e-01,1.814877799999999874e-01,1.488850899999999977e-01
3.365219300000000247e-01,1.094707300000000022e-01,1.037290000000000018e-01
1.487112200000000051e-01,1.083870900000000054e-01,9.912113999999999647e-02
3.368230300000000232e-01,2.759202700000000230e-01,1.532906800000000125e-01
2.924381600000000025e-01,2.517571900000000196e-01,1.436421800000000082e-01
2.685253699999999855e-01,2.636925199999999858e-01,1.464076099999999936e-01
2.841563400000000073e-01,2.563976399999999822e-01,1.804811600000000016e-01
3.017741800000000030e-01,7.472703999999999458e-02,7.354154999999999720e-02
3.162175899999999928e-01,2.163245000000000029e-01,1.301471299999999998e-01
2.993964800000000204e-01,1.761260900000000129e-01,1.339250200000000057e-01
3.120622200000000013e-01,2.339552400000000087e-01,2.039591400000000110e-01
2.515671500000000171e-01,1.810710600000000059e-01,1.052880000000000066e-01
3.282258699999999751e-01,3.099537000000000125e-02,3.045080000000000009e-02
3.322608499999999965e-01,2.686757799999999752e-01,1.515587399999999973e-01
2.868669099999999750e-01,2.488094299999999981e-01,1.639523300000000072e-01
3.205201400000000089e-01,1.160318899999999986e-01,9.254213999999999496e-02
2.936691200000000057e-01,2.180341199999999979e-01,1.424341799999999936e-01
2.572242100000000087e-01,2.972094999999999945e-02,2.888641000000000125e-02
3.030242300000000055e-01,2.114077799999999896e-01,1.322634000000000032e-01
2.618755099999999780e-01,1.341850300000000107e-01,8.890409000000000506e-02
2.464572899999999955e-01,2.290880799999999995e-01,2.149247599999999925e-01
3.218504899999999891e-01,2.214923199999999925e-01,1.320266800000000074e-01
2.688062900000000033e-01,2.297800399999999910e-01,1.726755399999999885e-01
3.222563800000000089e-01,2.895147299999999979e-01,1.526798799999999900e-01
2.433680900000000091e-01,2.197103400000000040e-01,1.538405800000000045e-01
2.713840299999999983e-01,2.396679399999999960e-01,2.060305699999999962e-01
3.118946100000000166e-01,2.630238500000000035e-01,1.470053900000000136e-01
2.915704299999999916e-01,2.394365999999999994e-01,1.316544900000000129e-01
3.153054900000000216e-01,9.848925999999999514e-02,7.543449000000000682e-02
3.228226499999999888e-01,1.172075300000000042e-01,8.649160000000000181e-02
3.138413700000000084e-01,2.554291399999999990e-01,1.499866499999999991e-01
2.862959800000000055e-01,1.523258700000000021e-01,9.942645999999999429e-02
2.854501199999999739e-01,1.897681599999999913e-01,1.851720000000000033e-01
2.783687599999999929e-01,2.074274799999999974e-01,1.779421099999999867e-01
2.656973300000000093e-01,1.809498099999999887e-01,1.445210299999999948e-01
2.624570999999999987e-01,2.508634599999999826e-01,1.389958099999999974e-01
3.306361299999999726e-01,2.113642699999999930e-01,1.338815200000000039e-01
2.447902899999999937e-01,1.708643699999999876e-01,1.412531300000000045e-01
2.631363899999999978e-01,1.866219000000000072e-01,1.478486300000000087e-01
2.729571499999999817e-01,2.131359700000000079e-01,1.197218699999999941e-01
3.244087199999999838e-01,2.411722199999999927e-01,1.425415600000000116e-01
2.865164099999999991e-01,2.781320999999999932e-01,1.432156900000000066e-01
1.957148099999999891e-01,1.754257499999999914e-01,9.993939000000000294e-02
2.415193599999999885e-01,1.638640399999999886e-01,1.029776099999999972e-01
3.231205600000000011e-01,1.114463200000000015e-01,1.101029500000000050e-01
3.139773299999999989e-01,4.719306999999999669e-02,4.112600999999999757e-02
3.098136799999999802e-01,2.943106899999999859e-01,1.515521200000000124e-01
2.644306599999999841e-01,1.757799999999999901e-03,1.747059999999999932e-03
2.823902400000000146e-01,1.775964899999999957e-01,1.421114099999999936e-01
3.234508899999999909e-01,1.541368800000000039e-01,1.410620800000000064e-01
2.969913800000000270e-01,1.856525300000000100e-01,1.547075599999999940e-01
3.019547799999999782e-01,2.045682199999999951e-01,1.339083399999999868e-01
2.359122100000000111e-01,2.091267500000000001e-01,1.974185999999999996e-01
2.770763600000000215e-01,2.334216100000000016e-01,1.602442699999999942e-01
2.781132199999999943e-01,1.747102700000000008e-01,1.638961100000000115e-01
3.209353400000000134e-01,1.962506300000000092e-01,1.217921899999999946e-01
2.969411599999999818e-01,2.442912499999999876e-01,1.394413999999999931e-01
3.101576799999999912e-01,2.331138899999999903e-01,1.378162800000000132e-01
3.079914499999999999e-01,2.313362300000000038e-01,1.390305599999999975e-01
2.918973499999999999e-01,1.759917000000000009e-01,1.230723600000000056e-01
2.789016599999999957e-01,1.019135000000000006e-02,9.913500000000000437e-03
3.087613900000000244e-01,3.035918400000000017e-01,1.575690600000000108e-01
2.831214400000000020e-01,2.543641099999999766e-01,1.441218200000000116e-01
2.765220099999999848e-01,1.421866999999999992e-01,1.223945899999999976e-01
2.156532999999999922e-01,2.040154000000000134e-01,1.048773800000000062e-01
3.071740800000000160e-01,1.886221800000000004e-01,1.526382799999999873e-01
3.057649000000000061e-01,2.251423399999999964e-01,1.508996200000000121e-01
2.956194799999999900e-01,2.913610200000000261e-01,1.704290400000000039e-01
3.232313800000000126e-01,2.348755700000000057e-01,2.024872299999999903e-01
2.848602000000000078e-01,2.496938599999999897e-01,1.333693699999999871e-01
3.297492799999999780e-01,1.621012199999999903e-01,1.215785699999999969e-01
3.313729899999999784e-01,2.431374400000000102e-01,1.541327799999999970e-01
2.642422500000000118e-01,2.255166200000000010e-01,1.943869400000000081e-01
3.149020100000000100e-01,2.950264599999999904e-01,1.531820899999999930e-01
1.518436499999999967e-01,1.238953500000000013e-01,8.245658000000000154e-02
2.749383000000000243e-01,2.595818200000000187e-01,1.470001400000000014e-01
2.633902799999999766e-01,2.322000800000000031e-01,1.504798099999999916e-01
3.380966599999999933e-01,1.475136099999999895e-01,1.242838299999999979e-01
2.925812700000000044e-01,1.353821000000000052e-01,1.029866700000000024e-01
2.743925899999999918e-01,1.597409499999999927e-01,1.576138099999999931e-01
3.239333799999999930e-01,1.834577199999999908e-01,1.808058999999999916e-01
3.135754199999999936e-01,1.234132200000000040e-01,9.005467000000000333e-02
2.627359899999999748e-01,2.247632499999999978e-01,1.222607400000000066e-01
2.993602200000000102e-01,2.763903400000000121e-01,1.484578400000000076e-01
3.291480500000000253e-01,2.065501100000000090e-01,1.883844699999999983e-01
2.973343500000000250e-01,1.441655500000000034e-01,1.185295999999999988e-01
2.785476599999999747e-01,7.982124999999999637e-02,6.227739999999999665e-02
3.113949400000000090e-01,6.980498999999999732e-02,5.716496000000000077e-02
2.893784400000000145e-01,1.285915699999999884e-01,9.023788000000000642e-02
3.300087299999999724e-01,1.720044099999999965e-01,1.234085000000000043e-01
2.778152899999999925e-01,2.165939400000000126e-01,1.873828600000000122e-01
2.747526200000000030e-01,2.144352300000000044e-01,1.320314499999999946e-01
3.287397200000000130e-01,2.370625100000000041e-01,1.454155099999999978e-01
3.144238699999999942e-01,1.628960600000000092e-01,1.144008400000000036e-01
3.349229300000000076e-01,4.702433999999999781e-02,4.129064999999999819e-02
3.028947900000000248e-01,1.545131899999999947e-01,1.520521900000000037e-01
3.370552399999999782e-01,1.319931199999999916e-01,1.106442799999999976e-01
3.137495599999999829e-01,2.118521700000000063e-01,1.683242600000000033e-01
2.243059599999999987e-01,1.968323100000000103e-01,1.480362400000000134e-01
2.437265700000000035e-01,1.524421400000000038e-01,1.316236799999999929e-01
2.698697700000000088e-01,2.556374900000000228e-01,1.537694300000000125e-01
2.798105599999999860e-01,2.570218300000000067e-01,1.559124899999999869e-01
2.524320600000000137e-01,1.387940500000000021e-01,9.953958999999999724e-02
2.155696599999999963e-01,1.956980399999999898e-01,1.600088600000000028e-01
2.882913799999999860e-01,1.143247599999999975e-01,8.286279000000000561e-02
3.175293900000000225e-01,1.688743500000000064e-01,1.620786899999999975e-01
3.277649300000000099e-01,1.612161300000000130e-01,1.082404800000000000e-01
3.210237000000000229e-01,1.394900400000000096e-01,1.127081199999999950e-01
2.532229699999999917e-01,2.039210800000000046e-01,1.386236299999999977e-01
2.912297300000000200e-01,1.369824099999999989e-01,1.299882499999999996e-01
2.587175500000000183e-01,2.004531599999999913e-01,1.273559400000000008e-01
2.838476099999999724e-01,1.581376999999999922e-01,1.232969200000000043e-01
2.873786300000000238e-01,2.563398900000000147e-01,1.523308899999999966e-01
1.706199899999999992e-01,2.369042999999999843e-02,2.365294000000000077e-02
7.583375000000000532e-02,6.406346000000000263e-02,3.484629000000000199e-02
3.264691000000000121e-01,2.644471199999999800e-01,1.467060599999999992e-01
1.618671399999999927e-01,5.010048000000000279e-02,4.929742000000000152e-02
2.690796899999999825e-01,2.300781299999999918e-01,1.552033700000000072e-01
2.606017700000000104e-01,2.373902900000000038e-01,1.268090199999999945e-01
1.226627899999999938e-01,8.244311999999999474e-02,7.900179999999999703e-02
2.568329100000000254e-01,2.365897499999999876e-01,1.531008500000000105e-01
1.756086500000000050e-01,1.734315899999999966e-01,1.185397599999999940e-01
2.922984399999999927e-01,2.323227399999999998e-01,1.505523000000000000e-01
2.882673700000000228e-01,2.030183299999999968e-01,1.469979800000000003e-01
3.393726599999999927e-01,1.693494299999999952e-01,1.458015799999999862e-01
2.928560900000000133e-01,2.732230800000000071e-01,1.420554199999999878e-01
3.189687999999999968e-01,2.784260900000000150e-01,1.500446300000000122e-01
3.238174100000000277e-01,1.592941999999999969e-01,1.408826099999999915e-01
2.735807599999999784e-01,2.121203299999999958e-01,1.209376399999999990e-01
3.116767200000000182e-01,1.145906000000000008e-01,1.135604999999999948e-01
2.581135600000000196e-01,2.033102499999999979e-01,1.534390200000000093e-01
3.348279800000000250e-01,1.725305599999999995e-01,1.389996900000000091e-01
3.193790300000000082e-01,9.197402999999999829e-02,7.141427999999999665e-02
3.341964000000000046e-01,6.916000000000000272e-03,6.870249999999999621e-03
1.919968800000000086e-01,1.330727600000000121e-01,7.912460000000000326e-02
2.057201700000000077e-01,1.754692599999999880e-01,1.069101199999999974e-01
3.340747000000000022e-01,8.106586999999999821e-02,6.531447999999999421e-02
2.791839899999999930e-01,2.582310199999999778e-01,1.357116299999999998e-01
2.828511200000000114e-01,1.964376100000000125e-01,1.317240899999999881e-01
2.469155199999999994e-01,2.434924400000000044e-01,1.263553599999999999e-01
2.140445400000000054e-01,1.448974700000000004e-01,1.047369499999999953e-01
2.953146200000000277e-01,2.656534899999999921e-01,1.402462600000000115e-01
2.903279999999999750e-01,1.841901200000000127e-01,1.440492899999999965e-01
3.131248799999999943e-01,1.161172899999999980e-01,9.026270999999999600e-02
3.050238299999999958e-01,1.906056799999999996e-01,1.178276600000000007e-01
3.002865900000000199e-01,1.777275299999999947e-01,1.624734800000000035e-01
1.951623700000000017e-01,9.785734999999999573e-02,7.537040999999999880e-02
2.603529600000000221e-01,2.018919299999999972e-01,1.583133399999999968e-01
2.641348399999999819e-01,2.308357600000000009e-01,1.661057300000000070e-01
2.955512699999999771e-01,1.336568900000000004e-01,1.048203699999999960e-01
3.142489900000000058e-01,1.571030499999999941e-01,1.053426900000000027e-01
3.218836500000000211e-01,1.646395700000000129e-01,1.226064300000000024e-01
3.174735399999999985e-01,2.527360499999999899e-01,1.459314100000000114e-01
2.932579900000000239e-01,2.152919299999999925e-01,1.279400199999999876e-01
3.178611499999999812e-01,2.174312499999999926e-01,1.532164500000000040e-01
3.347971299999999983e-01,9.022223000000000048e-02,8.162297000000000302e-02
3.370318600000000164e-01,1.609095100000000056e-01,1.091840399999999961e-01
1.738163100000000016e-01,1.500840400000000019e-01,1.334675899999999971e-01
2.560508200000000123e-01,2.418712299999999926e-01,1.258813000000000015e-01
2.980254600000000198e-01,2.631002000000000063e-01,1.402175400000000016e-01
1.489610799999999957e-01,8.898551999999999851e-02,7.294267000000000112e-02
2.929424600000000156e-01,1.927114099999999997e-01,1.280343300000000017e-01
2.471851899999999991e-01,1.788613900000000090e-01,1.614383299999999910e-01
2.279242499999999949e-01,1.329678800000000105e-01,1.006317899999999987e-01
2.796698599999999924e-01,2.391408800000000001e-01,1.448515599999999903e-01
3.133137100000000230e-01,1.159239600000000064e-01,9.458234000000000086e-02
3.215211099999999989e-01,9.500477999999999701e-02,8.014965999999999757e-02
2.206595000000000084e-01,1.568436099999999944e-01,1.547504299999999944e-01
2.920489600000000241e-01,2.870589100000000005e-01,1.473106000000000138e-01
2.585238000000000258e-01,1.921221999999999930e-01,1.349616299999999991e-01
2.295137100000000097e-01,2.141300600000000109e-01,1.785263400000000056e-01
2.427565399999999929e-01,2.240355500000000000e-01,1.295923800000000070e-01
3.100870000000000015e-01,2.092564199999999985e-01,1.718398999999999899e-01
3.367423500000000236e-01,6.373726999999999865e-02,6.027351000000000236e-02
3.211864400000000175e-01,2.854858699999999749e-01,1.522818200000000122e-01
2.280920999999999921e-01,1.850891600000000026e-01,1.266970299999999883e-01
3.257109699999999886e-01,2.684656500000000001e-01,1.476150099999999910e-01
2.363385400000000136e-01,2.310321800000000037e-01,1.354324100000000031e-01
3.102304100000000120e-01,1.439865899999999976e-01,1.309336399999999900e-01
2.527198500000000236e-01,1.538797500000000096e-01,1.114703400000000011e-01
1.946906499999999929e-01,1.882223899999999894e-01,9.651787000000000560e-02
2.422022100000000011e-01,1.576382899999999865e-01,1.272818300000000125e-01
3.018439099999999931e-01,2.164266699999999877e-01,1.608852199999999955e-01
2.801844099999999949e-01,2.223287999999999931e-01,1.533028200000000063e-01
3.229909000000000252e-01,1.695629300000000006e-01,1.224703600000000003e-01
2.546569499999999930e-01,1.496703699999999970e-01,1.279140099999999947e-01
2.805879800000000146e-01,1.848784499999999997e-01,1.145499700000000010e-01
2.731259999999999799e-01,1.726876800000000101e-01,1.334137800000000096e-01
3.040214900000000053e-01,1.933364499999999930e-01,1.653762900000000091e-01
2.890224499999999863e-01,2.314122600000000085e-01,1.292658299999999982e-01
2.668693999999999789e-01,2.148593199999999925e-01,1.262534999999999907e-01
3.039492100000000252e-01,2.125136900000000051e-01,1.260523600000000022e-01
1.787819700000000123e-01,1.721304600000000129e-01,1.568275500000000100e-01
2.023583499999999924e-01,1.827303899999999925e-01,1.708065699999999909e-01
3.202263300000000035e-01,2.033692900000000081e-01,1.792811300000000108e-01
3.366407000000000149e-01,1.851785200000000131e-01,1.647029899999999936e-01
2.596098800000000151e-01,1.623536499999999883e-01,1.228942499999999965e-01
3.249339500000000269e-01,2.167221599999999970e-01,1.541970699999999916e-01
1.020498700000000009e-01,2.722234999999999933e-02,2.637596000000000038e-02
2.906971199999999755e-01,1.455169900000000127e-01,1.063343800000000061e-01
2.526889399999999730e-01,1.375761500000000082e-01,1.083020100000000041e-01
2.768075400000000186e-01,2.273840099999999975e-01,1.365461799999999892e-01
3.260302199999999817e-01,1.815844100000000017e-01,1.257900000000000129e-01
2.991456000000000115e-01,2.325023900000000032e-01,1.551308499999999868e-01
3.153986500000000026e-01,1.061114999999999975e-01,7.953614999999999990e-02
2.068201600000000029e-01,1.861317100000000058e-01,1.380226999999999982e-01
3.044036500000000256e-01,2.003286599999999917e-01,1.640029899999999874e-01
3.375685500000000228e-01,1.767151899999999942e-01,1.372350300000000078e-01
3.125971200000000061e-01,1.259468199999999871e-01,9.016461000000000614e-02
2.847620000000000151e-01,1.231700399999999945e-01,9.999705999999999873e-02
3.023439700000000174e-01,2.970622399999999774e-01,1.553991000000000122e-01
3.207796199999999875e-01,1.566391900000000115e-01,1.446252100000000040e-01
3.318978899999999732e-01,1.135131000000000057e-01,9.641508000000000023e-02
1.945685299999999895e-01,1.906821900000000014e-01,1.341802099999999942e-01
2.871448899999999860e-01,2.547458100000000170e-01,1.417085499999999887e-01
3.128976299999999822e-01,3.543331000000000258e-02,3.229115999999999931e-02
3.060183300000000051e-01,2.633414199999999927e-01,1.428994500000000112e-01
3.200407599999999797e-01,3.016169000000000142e-02,2.927319999999999922e-02
3.322388399999999797e-01,1.919172899999999904e-01,1.281183899999999987e-01
2.930429600000000190e-01,1.881841399999999997e-01,1.333676099999999975e-01
2.882323500000000260e-01,2.224951400000000079e-01,1.396350500000000106e-01
2.279333400000000120e-01,2.160108299999999870e-01,1.241884300000000024e-01
3.029517999999999933e-01,1.806060999999999916e-01,1.281896499999999883e-01
2.715715599999999896e-01,1.811329799999999990e-01,1.093890200000000035e-01
3.150426800000000194e-01,1.999617999999999882e-02,1.902478000000000155e-02
2.671772800000000170e-01,2.484600399999999931e-01,1.413912700000000133e-01
2.131090800000000063e-01,1.552116500000000066e-01,9.013345000000000384e-02
2.788281100000000179e-01,2.471329100000000112e-01,1.310833000000000137e-01
3.161055600000000076e-01,2.551620199999999894e-01,1.413141099999999928e-01
2.832261799999999941e-01,4.805667000000000272e-02,4.535415000000000280e-02
2.904896299999999987e-01,1.031689799999999935e-01,1.003107300000000007e-01
2.758107399999999987e-01,1.768904900000000113e-01,1.588138000000000050e-01
2.234180500000000069e-01,2.142543899999999890e-01,1.318253699999999973e-01
2.785179099999999797e-01,1.066673800000000061e-01,7.823966999999999727e-02
2.694444200000000178e-01,1.545400000000000107e-01,1.184156700000000007e-01
7.822471000000000285e-02,1.166058000000000025e-02,1.100431999999999973e-02
3.178434099999999929e-01,2.041579799999999889e-01,1.333515500000000131e-01
3.053602100000000208e-01,2.061728100000000119e-01,1.519267599999999940e-01
3.329105600000000220e-01,2.348895699999999920e-01,1.488400699999999910e-01
3.105385299999999793e-01,2.693194199999999761e-01,1.574165999999999899e-01
3.165082900000000254e-01,8.773551000000000266e-02,6.934511000000000147e-02
2.985686499999999910e-01,7.461946999999999330e-02,7.188590999999999731e-02
3.165391300000000019e-01,2.015933500000000045e-01,1.775772700000000093e-01
3.028426100000000121e-01,1.430955899999999947e-01,1.193500100000000064e-01
3.313057899999999889e-01,1.609928800000000049e-01,1.371825799999999984e-01
2.926635100000000156e-01,2.524166899999999991e-01,1.371752900000000053e-01
3.070497899999999891e-01,2.725048899999999996e-01,1.476965899999999887e-01
2.919791500000000206e-01,2.346675900000000092e-01,1.561056799999999967e-01
2.198254199999999936e-01,1.486939800000000034e-01,1.423908999999999869e-01
3.219522899999999743e-01,2.073506800000000094e-01,1.284185399999999977e-01
3.067856099999999864e-01,2.869502600000000125e-01,1.505328900000000025e-01
2.043816200000000138e-01,1.410634299999999897e-01,1.407387200000000116e-01
2.628710300000000055e-01,2.034925099999999876e-01,1.394023000000000068e-01
2.747915699999999850e-01,2.849476999999999913e-02,2.615781000000000009e-02
3.334638699999999956e-01,1.811019399999999890e-01,1.540432599999999874e-01
2.011245100000000063e-01,1.891217500000000051e-01,1.704937300000000100e-01
3.035296399999999895e-01,2.074671299999999996e-01,1.246205600000000052e-01
2.092880599999999980e-01,1.816701300000000130e-01,1.551622199999999896e-01
3.296680900000000247e-01,1.403170900000000054e-01,1.192703600000000058e-01
3.286834599999999829e-01,2.206145899999999993e-01,1.463003200000000115e-01
2.621479400000000237e-01,1.513975599999999866e-01,9.622795000000000654e-02
3.308172099999999727e-01,9.272400999999999560e-02,9.243582999999999661e-02
2.943328900000000137e-01,1.790403899999999937e-01,1.179875999999999980e-01
1.657965600000000095e-01,1.383605699999999883e-01,8.873564000000000451e-02
1.816954699999999978e-01,1.054991700000000032e-01,1.040862500000000052e-01
3.172491199999999956e-01,2.082212900000000033e-01,1.388466999999999896e-01
1.616255199999999947e-01,1.374452999999999925e-01,1.336931100000000039e-01
1.548831900000000039e-01,1.347992000000000079e-01,1.170864999999999961e-01
3.364347500000000046e-01,3.176824999999999788e-02,2.903454999999999925e-02
2.551759100000000058e-01,2.410605600000000071e-01,1.246338500000000044e-01
2.623585999999999974e-01,1.346791499999999975e-01,1.159273200000000004e-01
1.955201199999999917e-01,1.891981100000000027e-01,1.088588100000000003e-01
2.723622099999999935e-01,2.543801199999999874e-01,1.572197700000000087e-01
3.344189699999999821e-01,2.038809099999999985e-01,1.485893000000000075e-01
2.500919099999999728e-01,1.664259299999999997e-01,1.301233599999999935e-01
3.119746700000000095e-01,1.043898000000000048e-02,1.011941000000000056e-02
3.097655699999999901e-01,2.255774200000000007e-01,1.568106300000000064e-01
3.228871400000000169e-01,1.833955300000000010e-01,1.175089700000000043e-01
3.291031700000000004e-01,1.975345000000000018e-01,1.380066899999999874e-01
2.835602999999999874e-01,1.572282700000000033e-01,1.480806199999999961e-01
2.275732699999999942e-01,2.215595800000000060e-01,1.310501900000000108e-01
3.246275200000000027e-01,1.124164700000000044e-01,1.008313900000000068e-01
3.101661800000000135e-01,1.163090100000000043e-01,8.879275000000000362e-02
2.542321900000000245e-01,2.304211800000000032e-01,1.210253399999999951e-01
2.639635499999999912e-01,1.418668299999999993e-01,1.132461200000000057e-01
2.054655699999999863e-01,1.893074899999999949e-01,1.056397699999999940e-01
2.561140700000000270e-01,6.379421000000000397e-02,5.126502000000000142e-02
2.485728899999999908e-01,1.007093000000000016e-01,8.499365999999999866e-02
2.888389800000000229e-01,1.171307999999999933e-01,9.083426999999999474e-02
3.122802900000000159e-01,1.385866299999999884e-01,9.599549999999999750e-02
2.632464800000000049e-01,1.873144900000000002e-01,1.595400600000000113e-01
2.402711600000000114e-01,6.508632000000000306e-02,6.109561000000000158e-02
3.008901299999999779e-01,2.216621599999999970e-01,1.519338500000000092e-01
2.229859800000000003e-01,2.152494299999999916e-01,1.100567300000000054e-01
2.600150900000000043e-01,2.288347400000000087e-01,1.264706899999999967e-01
3.053870699999999827e-01,2.423386399999999941e-01,1.372713000000000128e-01
2.743345200000000261e-01,2.726684600000000014e-01,1.418154199999999976e-01
3.121352099999999963e-01,1.240683100000000011e-01,1.157041600000000003e-01
2.751668500000000184e-01,2.531285400000000130e-01,1.326617300000000055e-01
1.452863299999999913e-01,1.385248299999999877e-01,7.147944999999999993e-02
3.152279700000000240e-01,7.956270000000000009e-02,7.563324999999999909e-02
3.343552799999999769e-01,6.362046999999999841e-02,5.345221000000000000e-02
3.126531399999999961e-01,2.214329800000000015e-01,1.564523600000000125e-01
2.870593599999999856e-01,1.895820000000000005e-01,1.234588499999999950e-01
3.547638999999999654e-02,2.649837000000000026e-02,1.517653000000000058e-02
3.225519999999999950e-03,1.840749999999999938e-03,1.212710000000000090e-03
2.219123000000000068e-01,2.046675099999999969e-01,1.068879100000000026e-01
3.268802800000000230e-01,2.227525300000000041e-01,1.338799900000000043e-01
2.441497499999999987e-01,1.946869099999999908e-01,1.448588700000000007e-01
3.004369399999999857e-01,2.171679499999999985e-01,1.455859700000000090e-01
2.898221599999999953e-01,1.471739900000000045e-01,1.008109300000000069e-01
3.334765299999999932e-01,1.830210000000000170e-02,1.763808999999999863e-02
3.294860199999999906e-01,2.217043900000000012e-01,1.353651600000000121e-01
2.949151700000000043e-01,1.809793100000000043e-01,1.295833100000000071e-01
2.078822899999999974e-01,2.016717500000000107e-01,1.549412699999999921e-01
3.336512500000000103e-01,8.247163000000000410e-02,6.615925999999999751e-02
2.668036899999999823e-01,2.128626499999999866e-01,1.201986200000000060e-01
3.192070799999999764e-01,2.126190199999999919e-01,1.471949899999999978e-01
2.501226799999999861e-01,8.857152999999999554e-02,6.544468000000000507e-02
2.881765399999999810e-01,2.013138200000000044e-01,1.352065600000000034e-01
2.708315499999999765e-01,1.303076400000000024e-01,1.151294300000000048e-01
2.299390299999999887e-01,2.270122300000000093e-01,1.259875299999999865e-01
2.227993699999999966e-01,1.636174400000000029e-01,1.426751500000000006e-01
2.167218599999999884e-01,1.250112200000000062e-01,9.607643000000000433e-02
3.292327400000000237e-01,2.272753600000000096e-01,1.460838999999999888e-01
2.332637300000000025e-01,1.896853300000000131e-01,1.464353100000000130e-01
3.057746399999999865e-01,4.766730999999999746e-02,4.124069000000000346e-02
3.062701400000000240e-01,2.501623499999999778e-01,1.449082299999999990e-01
2.819576899999999831e-01,3.367591000000000334e-02,3.303799999999999792e-02
3.130466100000000029e-01,2.659008199999999822e-01,1.447846899999999937e-01
2.857101300000000066e-01,2.456472199999999995e-01,1.360836900000000071e-01
2.792194000000000065e-01,2.077344899999999939e-01,1.266671600000000009e-01
2.251428099999999988e-01,1.802474500000000035e-01,1.471125500000000086e-01
2.391331800000000007e-01,3.411005000000000287e-02,3.292156000000000249e-02
3.359749899999999734e-01,3.911147000000000234e-02,3.581688999999999706e-02
2.551317699999999800e-01,2.056435000000000068e-01,1.524054599999999926e-01
3.010639500000000246e-01,8.749734000000000678e-02,8.601762000000000297e-02
2.424235499999999877e-01,2.006429100000000076e-01,1.132725900000000063e-01
2.607519500000000101e-01,2.289114499999999885e-01,1.219393500000000019e-01
2.665487200000000167e-01,1.665018799999999910e-01,1.338979799999999998e-01
3.248463100000000270e-01,1.260704599999999953e-01,1.031032100000000007e-01
1.803274099999999935e-01,6.140008000000000271e-02,5.986027000000000015e-02
2.346035300000000046e-01,1.740257299999999896e-01,1.250555100000000086e-01
3.149863700000000155e-01,2.165193599999999940e-01,1.296752700000000091e-01
